1,800
four
1,080,062
346
343
1959-60
1,119
7:45
45.6
21-9
1,571
21-2
1,600
7,360,187
175,000
270
271
272
273
275
278
seven-thirty
8,000,000
sixty-eight
1,450,000
108
102
103
100
101
106
105
1957b
30-30
0.36
five-and-a-half
2048
1957-1958
9a
162,400
9e
ninety
1594-1674
121,000
1787-89
five-seventeen
1785
99
98
91
90
93
92
95
94
97
96
1991
1622
1626
1625
9-6
348
1629
1628
619,000
1,018,000
10,000
22,000
7074
7070
1755
six-thirty
1751
1750
6-1/2
14-1/2
1817
7/2
5.4865771
1579
4-7/8
1577
6.6
6.5
6.4
6.3
6.2
12.8
6.9
10.3
10.2
10.4
40,000,000
10.6
2:02
2:03
2:04
2:05
2:06
16.7
402
400
2:30-:36
1951-1956
2:06.3
2:06.1
sixteen
1.00
1.07
1,343
$50
372
375
376
1,900
250,000
392
391
390
2,500
394
120,000
100-200
forty
2:04.2
twenty-five
fifty-odd
3-to-3
247
240
9-11
3.98
seven-
twenty-two
175
174
173
172
171
170
2051
1788-1873
3.10
060
368(a)(1)
1600
150,000,000
500,000
1971
28-30
1964
1965
1966
1615
1960
1961
1610
1963
13-16
14-1
14-2
400,000
one-thirty
eight-thirty
542,250
1769
1789-1839
1764
1769-1842
1596/7
7.2
1598/9
7.5
'31
1543
694
695
'38
1780
540
541
4.00
seventy-odd
forty-nine
25,000
1786
2:19
18-1/2
5612
2:12
415
410
412
3,450
3:00
1,286
4-13
3,400
05
08
quadrillion
224-170
forty-three
369
367
362
360
361
185,000
11-18
381
fifty-seven
387
389
twenty-three
258
253
250
256
254
50,000,000
sixty-seven
three
3-10
1849
0.15
0.16
168
0.10
0.12
164
165
166
160
161
162
twenty-four
seven
0.075
eighteen
80,000
1-1/2
1814
1815
1816
7,827
1810
1811
1812
1813
1818
1819
22,807
677
5-to-1
5-to-2
5-to-3
1609
1608
1601
1976
thirty-four
1602
1972
1607
1970
800
1774
1777
1776
1771
1773
5,500
9n
300
1778
923,076
20-22
20-25
1159
seventy-five
6-3-3
6:00
1550
'25
59
58
55
2991
57
56
51
50
53
eight-by-ten
5-
532
54
9,748,000
1558
54-17
2:26
3,325
1:218
2:22
2:20
2:21
52
2:31.3-:35.3
420
3:30
59,780
6,000
22-24
22-29
eight
3.1416
48,000
1/16
26-28
0.85
229
228
-.50
220
19,000,000
ten-fifty-five
2:24
7:10
2:25
8,293
151
150
153
155
154
157
156
2433
158
46,000
15-
1,418,000
3.9
2500
0.043
four-thirty
1808-1895
two-to-three
billion
five-and-twenty
1804
forty-two
1802
1801
1800
63,000,000
2:30.3-:36.1
forty-six
1948
1949
8861
1942
1943
1940
1941
1946
1947
1944
1945
0
1702-14
817
one-
1492
92.5
1700
twenty-one
1.10.8
1707
1709
1.10.4
1624
1.10.1
54,320
sixty-five
seventy-eight
381(c)(6)
6:15
seventy-four
525
526
1963-1972
70,000,000
2,425
1231
ninety-nine
2:31
2:30
2:33
2:32
2:35
2:34
2:37
2:36
6-6
ab4,500
6-5
6-3
6-1
thirty
twenty-seven
434
431
22-12
12-1/2
3-1/2
thirty-five
300-450
381(c)
239
235
thirty-three
230
6,768
6-12
1
7:00
3-7/8
1825-1826
3.46
144
145
143
140
141
eighty
23a
149
0.70
0.78
16,000
2-and-2
2:26.2
37,081
1832
1833
1830
1831
1837
1834
1835
1838
1803-1895
4,585
1859-1929
100,000
1955
1954
1957
1956
1951
1950
1953
1952
1959
1958
14.5
14.7
1,419,833
14.2
1918-19
7034
250-275
0.906
1714
4,427
million
seventy
132,000
126,000
510
512
514
2-56
1000
2,887,671
1223
one
3:57
trillion
2
1881-85
140,000
430,000
13-5
13-8
2,090
11
10
13
12
15
14
17
16
19
18
10:05
10:00
six-four
350,000
1929
60-1
214,938
1,253
1,700
200
203
202
206
2:43.1--:38
12,500
8,500
2230
1917-18
1805-1879
30,000
7:30
3.75
fifty
540-k
9,273
2:32.4
2:32.2
13,200
1667.36
2705
1825
1827
1821
1820
1823
1822
7070/7074
1932-33
4,499,608
1920
1921
1922
1923
1924
1925
1926
1927
1928
37,470
3
5:30
0.154
7026
821,220
7599
1728
1727
1724
1720
1721
412-413
6:35
12:00
6:30
20,000,000
50-50
6-
1,338,000
50,000
60
61
62
63
64
65
66
67
68
69
79,400
407
1589
1582
1581
4-d
500
1213
635
637
thousand
4-0
eighty-three
1105
1450
1453
13.8
13.9
13.5
1890
11.6
10:30
11.2
17.3
2:30.3-35.3
221-207
3,500
5835
60,000
:35.3
eighty-five
216
214
1,065
seventy-two
213
210
211
381(a)
12:01
fifty-nine
381(c)(14)
1,800,000
1,400
4
840,503
7:25
32,000
2.75
23:30
3646
0.52
200-odd
3000
twelve
8-b-2
381(c)(4)
1858
1859
1850
275-300
1852
1853
1854
1855
1857
1933
1932
1931
1930
1937
1936
1935
1934
sixty
1939
1938
37-1/2
116,000
0.039
1,257,700
1731
1730
1732
70,524
4:30
mid-1963
750
1806
1600/1
1595
1597
1596
1590
1593
1592
1803
1599
1598
870,000
1024
2,418
607
606
601
600
603
609
1200
2,417
87-1/2
18-25
4.5
4.4
4.7
4.6
4.1
4.0
4.3
4.2
4.8
fifty-five
5
nineteen-sixty
4,000
2:01.1
2:01.3
480
3-5
3-0
18,792
fifty-one
81,000
4000-plus
7.19
1950-1953
1909-10
836-901
eighty-four
1,509
381(c)(16)
1938-1939
1,500
7,000,000
2,963
13-1/2
ten
195
196
3.15
192
19-1/2
zero
24,400
2.512
1:59.3
5000
75,000
37,679
147,000
900
1848
1843
1841
1840
1847
1846
1845
1844
ninety-six
9-7
1908
1909
1906
1907
1904
1905
1902
1903
1900
1901
two
6
0.005
0.001
1628/29
4,900
nineteen
17:07
4:00
1,541,991
nine
4:05
56,000
mid-1958
4,622,444
11:00
5.1
1807-1892
5.5
5.6
5.7
5.8
1692
1693
1690
septillion
ninety-eight
613
thirty-seven
twenty-nine
6-2/3
4/4
1479
1300
10:50
62-63
495
492
24
25
26
27
20
21
22
23
28
29
1897-8
5,014
450,000
16-22
2d
2a
122,158
1,512
40,000
16.38
7
hundred-odd
64-66
2:34-:34
3.03
fifty-four
20-to-1
360,000
5031
1876
1874
1875
1872
1870
1871
1878
1879
182
2:34.2
twenty
2118
180
186
185
188
hundred
1919
1918
1911
1910
1913
1912
1915
1914
1917
1916
869
nine-thirty
189
0.95
8:30
400,000,000
885
4,122,354
1:00
1665.32
4:18
770
12:50
77
76
75
74
73
72
71
70
5-5
5-4
5-7
5-6
5-1
5-3
1680
1687
499-520
187.5
6-4-2
mid-1948
8
1311
11-5
11-7
5,000
3/4
11-3
10:45
forty-five
125,000
1910-14
78-79
381(c)(9)
seventeen
312
314
2.8
1,000,000
2.1
2.0
2.7
2.6
2.5
2.4
1,212
5-1/2
1,524
1,850
9:00
1,450
64-13
6934
1938-39
2:38
06-05
9:30
twenty-eight
25,000,000
1861
1860
1863
1862
1865
1864
1867
1866
1869
1868
1613
32,589
5:00
2100
11,330
7,484,268
643
871
1928-29
9
160,000
892
268,900
15.0
15.4
15.5
15.8
1914-1918
eighty-nine
4,500
1788
1789
1967
11:20
762
1781
1782
1783
767
764
1787
33-1/2
1962
0.50
1611
87-31
4,369
74.1
1678
63-64
76.7
2.16
ab1,040
2,700,877
25-30
675
3,399
thirty-one
10,500
forty-four
2,758
10,000,000
3.7
3.4
3.5
3.3
3.0
3.1
7,500
3.8
34,000
'53
'52
'51
'50
'55
'54
55,000
'58
140,414
2:05.1
2:05.3
2:05.2
307
30-
2/3
2/4
19-12
octillion
12,000
1.58
2,800
7287
1898
1899
1895
1896
1897
2.405
1891
1892
1893
2130
950
sixty-one
954
2:33.2
2:33.3
3.25
3.28
fifty-two
thirty-two
1947-49
ten-twelve
2000
1851
2:30-:34.3
37,000
15,000
1,525,000
11:30
1799
1793
1792
1791
1797
710
1068
1959-1960
1065
1066
2,800,000
687.87
1665
2.26
39,000
1946-52
10,517
1409
443
442
225,000
447
2,489,000
fifteen
5777
39
38
1540
33
32
31
30
37
36
35
34
2:30.3-:36
2,100
642
646
'48
'49
twenty-six
334
30-odd
330
332
4.77
29-5
046
2:46
2:40
fifty-three
1,230
883,000
eleven
15-17
1/4
1/3
1/2
4-for-5
0.7
11,744
106,500
0.8
3-48
0.1
0.3
0.2
0.5
0.4
55,987
0.6
1637
8,100
six
379,900
47.6
27,000
1889
1888
1887
1886
1885
1884
1883
1882
1881
12-14
12-17
949
1961-62
944
4911
800,000
65,000
133
130
137
1960-1961
135
139
300,000
4:45
70,000
thirty-eight
sextillion
3,000
60-66
707
700
88
thirteen
82
83
80
81
86
87
85
1657
1655
589
fourteen
42,000
1597/8
20,000
270,000
1980
23-30
1981
23-36
1923-27
8-4
48,500
seventy-six
450
452
2,000
900,000
2:37.3--:36.1
2:30-:33.2
1500
'76
650
99.1
2-5
2:00.2
2:00.3
2:02.2
2:02.3
1880-1900
five-hundred
1,225
1.5
41-8
1.0
1.1
1.2
1.8
mid-1960
1639-40
320
325
328
1958-60
562
27-30
1:35
1,488
22-1/2
1,000
607-608
sixty-two
12-to-one
6000
8,000
120
121
122
123
124
125
126
127
128
105,000
sixty-nine
520
2:30.3-:35.3
34.7
1:48
035
15-1
6-7
9,910,741
2-3/4
266-366
200,000
1644
2.44
1640
1643
1642
1960-61
825,000
3.190
605
573
570
2809
11,000
1,083,000
795,586
1935-1955
8.6
4,441
469
eighty-one
-.5
462
7-9
7-3
7-6
7-5
1515
1514
'60
1516
1952-1958
26,500
2,300
1.09.3
1-o
19-23
1-a
ninety-five
hundred-and-fifty
2:67
1-0
1-3
1-6
38-7
9:40
forty-eight
9:47
355
354
350
1.23
1.25
1.24
26.8
1,100
7:50
1,107
6124
7,000
281
280
283
285
30,000,000
261
260
five
265
269
2-1/2
'13
-.10
0600
638,560
989
115
114
117
111
110
113
1786-1865
2:28-:36
0.28
2:28-:33
0.24
0.25
forty-seven
17,000
90,000
25.3
3500
6(j)
1811-1884
60-80
1986
1631
1632
1633
3211
2.55
2.54
1638
1639
2.58
8,280
9.8
9.4
9.3
44,000
19,000
1184
1748
1745
1746
1747
thirty-nine
3:300
2,200,000
48
49
46
47
44
45
42
43
40
41
1298
4-
1290
ld056
1565
quintillion
1911-1912
2.21.6
thirty-six
4.21
2,460
29.2
790
470
1,212,000
15-20
169
