123	0.23418317522321427
100	0.04594203404017857
101	0.03165980747767857
666	0.023184640066964284
007	0.017482212611607144
143	0.013680594308035714
777	0.011073521205357142
321	0.010872977120535714
111	0.008928571428571428
456	0.008867536272321428
001	0.007742745535714286
420	0.007428850446428571
999	0.006862095424107143
789	0.006574358258928571
159	0.00628662109375
555	0.006277901785714286
333	0.006251743861607143
786	0.005719866071428571
911	0.005658830915178571
619	0.005144391741071429
000	0.004830496651785714
182	0.004804338727678571
200	0.004473005022321429
121	0.00439453125
147	0.004167829241071429
112	0.003932407924107143
234	0.003819056919642857
125	0.0038016183035714285
222	0.003758021763392857
888	0.003574916294642857
247	0.0032435825892857145
987	0.0029732840401785715
360	0.0027378627232142855
102	0.002650669642857143
213	0.0025721958705357145
369	0.0025198800223214285
500	0.0024850027901785715
012	0.002467564174107143
187	0.00244140625
135	0.002345493861607143
300	0.0023018973214285715
246	0.002284458705357143
345	0.0022670200892857145
313	0.0022059849330357145
110	0.002101353236607143
124	0.002101353236607143
214	0.0020664760044642855
120	0.002049037388392857
411	0.0020315987723214285
212	0.001988002232142857
009	0.0019618443080357145
117	0.0019444056919642857
808	0.0019182477678571428
357	0.0018833705357142857
010	0.0018833705357142857
008	0.0018833705357142857
103	0.0018833705357142857
520	0.0018659319196428572
122	0.0018310546875
311	0.0018223353794642857
305	0.0018136160714285715
210	0.0018048967633928572
098	0.0017961774553571428
711	0.0017961774553571428
444	0.0017787388392857143
316	0.0017787388392857143
150	0.0016741071428571428
963	0.0016653878348214285
132	0.00164794921875
105	0.0016392299107142857
127	0.0016305106026785715
567	0.0016217912946428572
312	0.0015956333705357143
011	0.0015869140625
890	0.0015781947544642857
003	0.0015781947544642857
002	0.0015694754464285715
118	0.0015607561383928572
145	0.0015433175223214285
199	0.0015345982142857143
211	0.0014997209821428572
108	0.0014910016741071428
129	0.0014735630580357143
113	0.0014735630580357143
005	0.00146484375
107	0.0014561244419642857
126	0.0014212472098214285
128	0.0014212472098214285
852	0.0014125279017857143
258	0.0013950892857142857
106	0.0013950892857142857
115	0.0013689313616071428
006	0.0013514927455357143
900	0.0013514927455357143
109	0.0013427734375
713	0.0013427734375
323	0.0013340541294642857
512	0.0013340541294642857
250	0.0013340541294642857
114	0.0013253348214285715
400	0.0013253348214285715
310	0.0013166155133928572
600	0.0013078962053571428
013	0.0013078962053571428
104	0.0012991768973214285
753	0.0012904575892857143
678	0.0012904575892857143
209	0.0012555803571428572
201	0.0012555803571428572
951	0.0012381417410714285
156	0.0012294224330357143
202	0.0012294224330357143
510	0.0012119838169642857
130	0.0011683872767857143
134	0.0011683872767857143
116	0.00115966796875
206	0.00115966796875
714	0.0011509486607142857
119	0.0011509486607142857
131	0.0011422293526785715
224	0.0011422293526785715
303	0.0011422293526785715
318	0.0011247907366071428
004	0.0011073521205357143
215	0.0010986328125
314	0.0010811941964285715
216	0.0010724748883928572
521	0.0010724748883928572
800	0.0010637555803571428
812	0.0010637555803571428
909	0.0010550362723214285
412	0.0010550362723214285
225	0.0010550362723214285
317	0.0010463169642857143
912	0.0010463169642857143
133	0.0010463169642857143
818	0.0010463169642857143
137	0.00103759765625
626	0.0010288783482142857
741	0.0010201590401785715
231	0.0010027204241071428
223	0.0010027204241071428
504	0.0010027204241071428
654	0.0010027204241071428
700	0.0010027204241071428
217	9.940011160714285E-4
221	9.940011160714285E-4
180	9.678431919642857E-4
315	9.678431919642857E-4
350	9.678431919642857E-4
190	9.591238839285714E-4
198	9.504045758928571E-4
707	9.504045758928571E-4
916	9.504045758928571E-4
155	9.416852678571429E-4
021	9.416852678571429E-4
191	9.329659598214286E-4
205	9.1552734375E-4
505	9.068080357142857E-4
831	9.068080357142857E-4
245	9.068080357142857E-4
415	8.980887276785714E-4
014	8.806501116071429E-4
227	8.719308035714286E-4
144	8.719308035714286E-4
324	8.632114955357143E-4
723	8.632114955357143E-4
910	8.544921875E-4
183	8.544921875E-4
421	8.544921875E-4
525	8.457728794642857E-4
256	8.457728794642857E-4
712	8.457728794642857E-4
192	8.370535714285714E-4
616	8.283342633928571E-4
320	8.283342633928571E-4
153	8.283342633928571E-4
151	8.283342633928571E-4
218	8.283342633928571E-4
410	8.283342633928571E-4
718	8.283342633928571E-4
413	8.283342633928571E-4
242	8.196149553571429E-4
319	8.196149553571429E-4
069	8.108956473214286E-4
232	8.108956473214286E-4
142	8.108956473214286E-4
154	8.108956473214286E-4
023	7.9345703125E-4
301	7.9345703125E-4
325	7.9345703125E-4
612	7.9345703125E-4
152	7.9345703125E-4
235	7.847377232142857E-4
228	7.847377232142857E-4
365	7.847377232142857E-4
015	7.672991071428571E-4
813	7.672991071428571E-4
219	7.672991071428571E-4
203	7.672991071428571E-4
016	7.672991071428571E-4
322	7.585797991071429E-4
425	7.585797991071429E-4
710	7.585797991071429E-4
248	7.498604910714286E-4
816	7.498604910714286E-4
513	7.411411830357143E-4
138	7.237025669642857E-4
721	7.237025669642857E-4
141	7.237025669642857E-4
613	7.237025669642857E-4
165	7.237025669642857E-4
423	7.237025669642857E-4
326	7.237025669642857E-4
220	7.149832589285714E-4
618	7.149832589285714E-4
414	7.149832589285714E-4
207	7.149832589285714E-4
254	7.149832589285714E-4
611	7.062639508928571E-4
514	7.062639508928571E-4
193	7.062639508928571E-4
432	7.062639508928571E-4
208	7.062639508928571E-4
139	7.062639508928571E-4
157	6.975446428571429E-4
511	6.975446428571429E-4
426	6.975446428571429E-4
017	6.975446428571429E-4
169	6.975446428571429E-4
189	6.888253348214286E-4
717	6.888253348214286E-4
925	6.801060267857143E-4
167	6.801060267857143E-4
146	6.801060267857143E-4
177	6.801060267857143E-4
018	6.7138671875E-4
168	6.7138671875E-4
623	6.7138671875E-4
025	6.626674107142857E-4
610	6.626674107142857E-4
809	6.626674107142857E-4
195	6.626674107142857E-4
022	6.626674107142857E-4
989	6.539481026785714E-4
913	6.539481026785714E-4
787	6.539481026785714E-4
501	6.452287946428571E-4
515	6.452287946428571E-4
419	6.452287946428571E-4
019	6.452287946428571E-4
503	6.452287946428571E-4
170	6.365094866071429E-4
617	6.365094866071429E-4
237	6.365094866071429E-4
252	6.365094866071429E-4
716	6.365094866071429E-4
921	6.365094866071429E-4
327	6.277901785714286E-4
304	6.277901785714286E-4
817	6.277901785714286E-4
140	6.277901785714286E-4
517	6.277901785714286E-4
454	6.277901785714286E-4
355	6.277901785714286E-4
204	6.190708705357143E-4
715	6.190708705357143E-4
308	6.190708705357143E-4
328	6.190708705357143E-4
805	6.190708705357143E-4
330	6.190708705357143E-4
174	6.190708705357143E-4
727	6.103515625E-4
815	6.103515625E-4
240	6.103515625E-4
720	6.103515625E-4
747	6.103515625E-4
149	6.016322544642857E-4
404	6.016322544642857E-4
625	6.016322544642857E-4
408	6.016322544642857E-4
828	6.016322544642857E-4
811	5.929129464285714E-4
181	5.929129464285714E-4
160	5.841936383928571E-4
810	5.841936383928571E-4
178	5.841936383928571E-4
523	5.754743303571429E-4
226	5.754743303571429E-4
522	5.754743303571429E-4
518	5.667550223214286E-4
614	5.667550223214286E-4
427	5.667550223214286E-4
876	5.667550223214286E-4
269	5.667550223214286E-4
230	5.667550223214286E-4
528	5.667550223214286E-4
229	5.667550223214286E-4
173	5.580357142857143E-4
450	5.580357142857143E-4
901	5.580357142857143E-4
302	5.580357142857143E-4
422	5.4931640625E-4
309	5.4931640625E-4
172	5.4931640625E-4
255	5.4931640625E-4
671	5.4931640625E-4
239	5.4931640625E-4
719	5.4931640625E-4
458	5.4931640625E-4
158	5.4931640625E-4
757	5.405970982142857E-4
257	5.405970982142857E-4
356	5.405970982142857E-4
166	5.318777901785714E-4
530	5.318777901785714E-4
927	5.318777901785714E-4
602	5.318777901785714E-4
343	5.318777901785714E-4
915	5.318777901785714E-4
622	5.318777901785714E-4
416	5.318777901785714E-4
267	5.318777901785714E-4
543	5.318777901785714E-4
990	5.318777901785714E-4
197	5.231584821428571E-4
928	5.231584821428571E-4
136	5.231584821428571E-4
923	5.231584821428571E-4
821	5.231584821428571E-4
171	5.231584821428571E-4
920	5.231584821428571E-4
929	5.231584821428571E-4
750	5.144391741071429E-4
922	5.144391741071429E-4
702	5.144391741071429E-4
307	5.144391741071429E-4
253	5.144391741071429E-4
696	5.144391741071429E-4
401	5.144391741071429E-4
331	5.057198660714286E-4
728	5.057198660714286E-4
186	5.057198660714286E-4
621	5.057198660714286E-4
502	5.057198660714286E-4
334	5.057198660714286E-4
275	5.057198660714286E-4
725	5.057198660714286E-4
243	5.057198660714286E-4
179	4.970005580357143E-4
993	4.970005580357143E-4
236	4.970005580357143E-4
161	4.970005580357143E-4
424	4.970005580357143E-4
526	4.970005580357143E-4
726	4.970005580357143E-4
731	4.970005580357143E-4
565	4.8828125E-4
926	4.8828125E-4
624	4.8828125E-4
527	4.8828125E-4
546	4.8828125E-4
924	4.8828125E-4
914	4.8828125E-4
164	4.795619419642857E-4
148	4.795619419642857E-4
379	4.795619419642857E-4
268	4.795619419642857E-4
956	4.795619419642857E-4
175	4.795619419642857E-4
354	4.795619419642857E-4
405	4.795619419642857E-4
274	4.795619419642857E-4
519	4.795619419642857E-4
185	4.795619419642857E-4
162	4.7084263392857144E-4
814	4.7084263392857144E-4
919	4.7084263392857144E-4
417	4.7084263392857144E-4
650	4.7084263392857144E-4
402	4.7084263392857144E-4
176	4.7084263392857144E-4
627	4.7084263392857144E-4
615	4.7084263392857144E-4
823	4.7084263392857144E-4
027	4.7084263392857144E-4
184	4.7084263392857144E-4
630	4.7084263392857144E-4
529	4.7084263392857144E-4
241	4.7084263392857144E-4
606	4.7084263392857144E-4
262	4.6212332589285713E-4
024	4.6212332589285713E-4
351	4.6212332589285713E-4
918	4.6212332589285713E-4
531	4.6212332589285713E-4
337	4.6212332589285713E-4
730	4.6212332589285713E-4
917	4.6212332589285713E-4
429	4.6212332589285713E-4
620	4.6212332589285713E-4
306	4.6212332589285713E-4
559	4.5340401785714287E-4
188	4.5340401785714287E-4
516	4.5340401785714287E-4
329	4.5340401785714287E-4
332	4.5340401785714287E-4
251	4.5340401785714287E-4
281	4.5340401785714287E-4
233	4.5340401785714287E-4
724	4.4468470982142856E-4
822	4.4468470982142856E-4
244	4.4468470982142856E-4
194	4.359654017857143E-4
099	4.359654017857143E-4
729	4.359654017857143E-4
524	4.359654017857143E-4
196	4.359654017857143E-4
287	4.2724609375E-4
264	4.2724609375E-4
535	4.2724609375E-4
409	4.2724609375E-4
803	4.2724609375E-4
637	4.2724609375E-4
394	4.185267857142857E-4
550	4.185267857142857E-4
765	4.185267857142857E-4
825	4.185267857142857E-4
905	4.185267857142857E-4
954	4.185267857142857E-4
249	4.185267857142857E-4
163	4.185267857142857E-4
026	4.185267857142857E-4
722	4.0980747767857144E-4
359	4.0980747767857144E-4
289	4.0980747767857144E-4
604	4.0980747767857144E-4
628	4.0980747767857144E-4
279	4.0980747767857144E-4
704	4.0980747767857144E-4
406	4.0980747767857144E-4
978	4.0980747767857144E-4
277	4.0108816964285713E-4
826	4.0108816964285713E-4
347	4.0108816964285713E-4
077	4.0108816964285713E-4
801	4.0108816964285713E-4
669	3.9236886160714287E-4
820	3.9236886160714287E-4
090	3.9236886160714287E-4
055	3.9236886160714287E-4
995	3.9236886160714287E-4
430	3.9236886160714287E-4
478	3.9236886160714287E-4
992	3.9236886160714287E-4
509	3.9236886160714287E-4
088	3.9236886160714287E-4
238	3.9236886160714287E-4
455	3.9236886160714287E-4
335	3.8364955357142856E-4
428	3.8364955357142856E-4
562	3.8364955357142856E-4
286	3.8364955357142856E-4
445	3.8364955357142856E-4
465	3.749302455357143E-4
259	3.749302455357143E-4
288	3.749302455357143E-4
418	3.749302455357143E-4
407	3.749302455357143E-4
830	3.749302455357143E-4
973	3.749302455357143E-4
265	3.662109375E-4
908	3.662109375E-4
904	3.662109375E-4
341	3.662109375E-4
991	3.662109375E-4
442	3.662109375E-4
629	3.662109375E-4
285	3.574916294642857E-4
293	3.574916294642857E-4
381	3.574916294642857E-4
667	3.574916294642857E-4
699	3.574916294642857E-4
020	3.574916294642857E-4
824	3.574916294642857E-4
453	3.574916294642857E-4
489	3.574916294642857E-4
089	3.574916294642857E-4
031	3.574916294642857E-4
336	3.4877232142857144E-4
284	3.4877232142857144E-4
342	3.4877232142857144E-4
737	3.4877232142857144E-4
971	3.4877232142857144E-4
676	3.4877232142857144E-4
601	3.4877232142857144E-4
260	3.4877232142857144E-4
092	3.4877232142857144E-4
569	3.4877232142857144E-4
760	3.4005301339285713E-4
706	3.4005301339285713E-4
589	3.4005301339285713E-4
903	3.4005301339285713E-4
566	3.4005301339285713E-4
434	3.4005301339285713E-4
506	3.4005301339285713E-4
033	3.4005301339285713E-4
297	3.4005301339285713E-4
388	3.4005301339285713E-4
829	3.4005301339285713E-4
451	3.4005301339285713E-4
902	3.3133370535714287E-4
636	3.3133370535714287E-4
732	3.3133370535714287E-4
263	3.3133370535714287E-4
969	3.3133370535714287E-4
898	3.3133370535714287E-4
340	3.3133370535714287E-4
276	3.3133370535714287E-4
280	3.3133370535714287E-4
452	3.3133370535714287E-4
457	3.2261439732142856E-4
556	3.2261439732142856E-4
431	3.2261439732142856E-4
609	3.2261439732142856E-4
996	3.2261439732142856E-4
032	3.2261439732142856E-4
804	3.2261439732142856E-4
930	3.2261439732142856E-4
435	3.2261439732142856E-4
469	3.2261439732142856E-4
585	3.2261439732142856E-4
403	3.2261439732142856E-4
551	3.138950892857143E-4
994	3.138950892857143E-4
389	3.138950892857143E-4
029	3.138950892857143E-4
689	3.138950892857143E-4
352	3.138950892857143E-4
299	3.138950892857143E-4
907	3.138950892857143E-4
291	3.138950892857143E-4
483	3.138950892857143E-4
028	3.0517578125E-4
271	3.0517578125E-4
346	3.0517578125E-4
266	3.0517578125E-4
053	3.0517578125E-4
564	3.0517578125E-4
819	3.0517578125E-4
290	3.0517578125E-4
292	3.0517578125E-4
278	3.0517578125E-4
579	3.0517578125E-4
479	3.0517578125E-4
386	3.0517578125E-4
690	3.0517578125E-4
998	3.0517578125E-4
541	3.0517578125E-4
282	3.0517578125E-4
030	3.0517578125E-4
261	3.0517578125E-4
793	3.0517578125E-4
440	3.0517578125E-4
393	2.964564732142857E-4
298	2.964564732142857E-4
344	2.964564732142857E-4
545	2.964564732142857E-4
889	2.964564732142857E-4
842	2.964564732142857E-4
642	2.964564732142857E-4
899	2.964564732142857E-4
863	2.964564732142857E-4
507	2.964564732142857E-4
701	2.964564732142857E-4
646	2.8773716517857144E-4
972	2.8773716517857144E-4
283	2.8773716517857144E-4
486	2.8773716517857144E-4
891	2.8773716517857144E-4
468	2.8773716517857144E-4
599	2.8773716517857144E-4
561	2.8773716517857144E-4
294	2.8773716517857144E-4
270	2.8773716517857144E-4
361	2.8773716517857144E-4
460	2.8773716517857144E-4
645	2.8773716517857144E-4
785	2.8773716517857144E-4
845	2.8773716517857144E-4
087	2.7901785714285713E-4
549	2.7901785714285713E-4
988	2.7901785714285713E-4
769	2.7901785714285713E-4
933	2.7901785714285713E-4
997	2.7901785714285713E-4
608	2.7901785714285713E-4
377	2.7901785714285713E-4
374	2.7901785714285713E-4
438	2.7901785714285713E-4
906	2.7029854910714287E-4
072	2.7029854910714287E-4
587	2.7029854910714287E-4
887	2.7029854910714287E-4
703	2.7029854910714287E-4
985	2.7029854910714287E-4
653	2.7029854910714287E-4
670	2.7029854910714287E-4
773	2.7029854910714287E-4
387	2.7029854910714287E-4
895	2.7029854910714287E-4
380	2.7029854910714287E-4
656	2.7029854910714287E-4
375	2.7029854910714287E-4
709	2.7029854910714287E-4
742	2.7029854910714287E-4
660	2.6157924107142856E-4
050	2.6157924107142856E-4
045	2.6157924107142856E-4
371	2.6157924107142856E-4
086	2.6157924107142856E-4
475	2.6157924107142856E-4
778	2.6157924107142856E-4
091	2.6157924107142856E-4
542	2.6157924107142856E-4
273	2.6157924107142856E-4
568	2.6157924107142856E-4
592	2.6157924107142856E-4
348	2.6157924107142856E-4
959	2.6157924107142856E-4
051	2.6157924107142856E-4
041	2.6157924107142856E-4
037	2.6157924107142856E-4
827	2.528599330357143E-4
631	2.528599330357143E-4
488	2.528599330357143E-4
296	2.528599330357143E-4
679	2.528599330357143E-4
052	2.528599330357143E-4
661	2.528599330357143E-4
363	2.528599330357143E-4
858	2.528599330357143E-4
981	2.528599330357143E-4
788	2.528599330357143E-4
373	2.528599330357143E-4
492	2.528599330357143E-4
864	2.528599330357143E-4
879	2.528599330357143E-4
085	2.528599330357143E-4
272	2.528599330357143E-4
850	2.528599330357143E-4
042	2.528599330357143E-4
070	2.528599330357143E-4
467	2.44140625E-4
775	2.44140625E-4
632	2.44140625E-4
776	2.44140625E-4
362	2.44140625E-4
593	2.44140625E-4
557	2.44140625E-4
980	2.44140625E-4
982	2.44140625E-4
603	2.44140625E-4
605	2.44140625E-4
392	2.44140625E-4
877	2.44140625E-4
766	2.44140625E-4
494	2.44140625E-4
558	2.44140625E-4
892	2.44140625E-4
536	2.44140625E-4
657	2.44140625E-4
893	2.44140625E-4
802	2.3542131696428572E-4
353	2.3542131696428572E-4
856	2.3542131696428572E-4
975	2.3542131696428572E-4
781	2.3542131696428572E-4
797	2.3542131696428572E-4
480	2.3542131696428572E-4
883	2.3542131696428572E-4
563	2.3542131696428572E-4
607	2.3542131696428572E-4
474	2.3542131696428572E-4
932	2.3542131696428572E-4
986	2.3542131696428572E-4
588	2.3542131696428572E-4
295	2.3542131696428572E-4
358	2.3542131696428572E-4
391	2.3542131696428572E-4
064	2.3542131696428572E-4
395	2.3542131696428572E-4
383	2.3542131696428572E-4
756	2.3542131696428572E-4
396	2.3542131696428572E-4
886	2.3542131696428572E-4
499	2.3542131696428572E-4
687	2.3542131696428572E-4
590	2.2670200892857144E-4
774	2.2670200892857144E-4
767	2.2670200892857144E-4
094	2.2670200892857144E-4
384	2.2670200892857144E-4
065	2.2670200892857144E-4
580	2.2670200892857144E-4
095	2.2670200892857144E-4
598	2.2670200892857144E-4
349	2.2670200892857144E-4
894	2.2670200892857144E-4
749	2.2670200892857144E-4
692	2.2670200892857144E-4
693	2.2670200892857144E-4
578	2.2670200892857144E-4
970	2.2670200892857144E-4
641	2.2670200892857144E-4
691	2.2670200892857144E-4
665	2.2670200892857144E-4
433	2.2670200892857144E-4
762	2.2670200892857144E-4
083	2.2670200892857144E-4
575	2.1798270089285715E-4
081	2.1798270089285715E-4
979	2.1798270089285715E-4
459	2.1798270089285715E-4
806	2.1798270089285715E-4
937	2.1798270089285715E-4
677	2.1798270089285715E-4
063	2.1798270089285715E-4
651	2.1798270089285715E-4
582	2.1798270089285715E-4
056	2.1798270089285715E-4
595	2.1798270089285715E-4
635	2.1798270089285715E-4
705	2.1798270089285715E-4
735	2.1798270089285715E-4
577	2.1798270089285715E-4
770	2.1798270089285715E-4
035	2.1798270089285715E-4
682	2.1798270089285715E-4
664	2.1798270089285715E-4
675	2.1798270089285715E-4
854	2.1798270089285715E-4
652	2.1798270089285715E-4
843	2.1798270089285715E-4
640	2.1798270089285715E-4
339	2.1798270089285715E-4
552	2.1798270089285715E-4
941	2.1798270089285715E-4
390	2.1798270089285715E-4
491	2.0926339285714285E-4
772	2.0926339285714285E-4
338	2.0926339285714285E-4
096	2.0926339285714285E-4
560	2.0926339285714285E-4
965	2.0926339285714285E-4
532	2.0926339285714285E-4
949	2.0926339285714285E-4
633	2.0926339285714285E-4
984	2.0926339285714285E-4
533	2.0926339285714285E-4
759	2.0926339285714285E-4
071	2.0926339285714285E-4
571	2.0926339285714285E-4
382	2.0926339285714285E-4
940	2.0926339285714285E-4
966	2.0926339285714285E-4
447	2.0926339285714285E-4
974	2.0926339285714285E-4
794	2.0054408482142856E-4
686	2.0054408482142856E-4
493	2.0054408482142856E-4
378	2.0054408482142856E-4
482	2.0054408482142856E-4
385	2.0054408482142856E-4
066	2.0054408482142856E-4
554	2.0054408482142856E-4
983	2.0054408482142856E-4
967	2.0054408482142856E-4
054	2.0054408482142856E-4
544	2.0054408482142856E-4
443	2.0054408482142856E-4
538	2.0054408482142856E-4
485	2.0054408482142856E-4
372	2.0054408482142856E-4
584	2.0054408482142856E-4
936	2.0054408482142856E-4
364	2.0054408482142856E-4
931	2.0054408482142856E-4
441	2.0054408482142856E-4
490	2.0054408482142856E-4
540	2.0054408482142856E-4
634	2.0054408482142856E-4
698	1.9182477678571428E-4
080	1.9182477678571428E-4
044	1.9182477678571428E-4
798	1.9182477678571428E-4
574	1.9182477678571428E-4
668	1.9182477678571428E-4
539	1.9182477678571428E-4
367	1.9182477678571428E-4
437	1.9182477678571428E-4
644	1.9182477678571428E-4
866	1.9182477678571428E-4
040	1.9182477678571428E-4
790	1.9182477678571428E-4
462	1.9182477678571428E-4
397	1.9182477678571428E-4
470	1.9182477678571428E-4
955	1.9182477678571428E-4
034	1.9182477678571428E-4
399	1.9182477678571428E-4
477	1.9182477678571428E-4
748	1.9182477678571428E-4
947	1.9182477678571428E-4
366	1.9182477678571428E-4
878	1.9182477678571428E-4
935	1.9182477678571428E-4
860	1.9182477678571428E-4
061	1.8310546875E-4
655	1.8310546875E-4
897	1.8310546875E-4
733	1.8310546875E-4
464	1.8310546875E-4
583	1.8310546875E-4
976	1.8310546875E-4
685	1.8310546875E-4
684	1.8310546875E-4
796	1.8310546875E-4
745	1.8310546875E-4
093	1.8310546875E-4
639	1.8310546875E-4
398	1.8310546875E-4
799	1.8310546875E-4
534	1.8310546875E-4
082	1.8310546875E-4
498	1.8310546875E-4
782	1.8310546875E-4
038	1.8310546875E-4
945	1.8310546875E-4
868	1.7438616071428572E-4
695	1.7438616071428572E-4
078	1.7438616071428572E-4
871	1.7438616071428572E-4
833	1.7438616071428572E-4
495	1.7438616071428572E-4
752	1.7438616071428572E-4
376	1.7438616071428572E-4
734	1.7438616071428572E-4
708	1.7438616071428572E-4
496	1.7438616071428572E-4
570	1.7438616071428572E-4
763	1.7438616071428572E-4
779	1.7438616071428572E-4
508	1.7438616071428572E-4
977	1.7438616071428572E-4
784	1.6566685267857144E-4
755	1.6566685267857144E-4
958	1.6566685267857144E-4
068	1.6566685267857144E-4
581	1.6566685267857144E-4
075	1.6566685267857144E-4
791	1.6566685267857144E-4
473	1.6566685267857144E-4
952	1.6566685267857144E-4
948	1.6566685267857144E-4
036	1.6566685267857144E-4
844	1.6566685267857144E-4
680	1.6566685267857144E-4
870	1.6566685267857144E-4
471	1.6566685267857144E-4
079	1.6566685267857144E-4
648	1.6566685267857144E-4
662	1.6566685267857144E-4
950	1.6566685267857144E-4
659	1.6566685267857144E-4
697	1.6566685267857144E-4
439	1.6566685267857144E-4
449	1.6566685267857144E-4
872	1.6566685267857144E-4
597	1.6566685267857144E-4
487	1.6566685267857144E-4
476	1.6566685267857144E-4
688	1.5694754464285715E-4
048	1.5694754464285715E-4
761	1.5694754464285715E-4
882	1.5694754464285715E-4
807	1.5694754464285715E-4
647	1.5694754464285715E-4
867	1.5694754464285715E-4
736	1.5694754464285715E-4
448	1.5694754464285715E-4
795	1.5694754464285715E-4
739	1.5694754464285715E-4
466	1.5694754464285715E-4
084	1.5694754464285715E-4
847	1.5694754464285715E-4
754	1.5694754464285715E-4
875	1.5694754464285715E-4
771	1.5694754464285715E-4
076	1.5694754464285715E-4
853	1.5694754464285715E-4
783	1.5694754464285715E-4
060	1.5694754464285715E-4
832	1.4822823660714285E-4
960	1.4822823660714285E-4
939	1.4822823660714285E-4
758	1.4822823660714285E-4
792	1.4822823660714285E-4
869	1.4822823660714285E-4
846	1.4822823660714285E-4
047	1.4822823660714285E-4
672	1.4822823660714285E-4
481	1.4822823660714285E-4
097	1.4822823660714285E-4
547	1.4822823660714285E-4
062	1.4822823660714285E-4
649	1.4822823660714285E-4
370	1.4822823660714285E-4
848	1.4822823660714285E-4
834	1.4822823660714285E-4
855	1.4822823660714285E-4
484	1.4822823660714285E-4
953	1.4822823660714285E-4
537	1.4822823660714285E-4
368	1.4822823660714285E-4
934	1.3950892857142856E-4
694	1.3950892857142856E-4
586	1.3950892857142856E-4
067	1.3950892857142856E-4
957	1.3950892857142856E-4
857	1.3950892857142856E-4
964	1.3950892857142856E-4
873	1.3950892857142856E-4
839	1.3950892857142856E-4
074	1.3950892857142856E-4
744	1.3950892857142856E-4
944	1.3950892857142856E-4
043	1.3950892857142856E-4
643	1.3950892857142856E-4
865	1.3950892857142856E-4
837	1.3950892857142856E-4
591	1.3950892857142856E-4
638	1.3078962053571428E-4
497	1.3078962053571428E-4
768	1.3078962053571428E-4
461	1.3078962053571428E-4
751	1.3078962053571428E-4
472	1.3078962053571428E-4
683	1.3078962053571428E-4
942	1.3078962053571428E-4
046	1.3078962053571428E-4
681	1.3078962053571428E-4
059	1.3078962053571428E-4
073	1.3078962053571428E-4
740	1.3078962053571428E-4
896	1.3078962053571428E-4
884	1.3078962053571428E-4
841	1.3078962053571428E-4
663	1.3078962053571428E-4
938	1.3078962053571428E-4
572	1.3078962053571428E-4
943	1.3078962053571428E-4
576	1.3078962053571428E-4
836	1.3078962053571428E-4
961	1.3078962053571428E-4
851	1.220703125E-4
874	1.220703125E-4
594	1.220703125E-4
780	1.220703125E-4
463	1.220703125E-4
436	1.220703125E-4
746	1.220703125E-4
548	1.220703125E-4
573	1.220703125E-4
658	1.220703125E-4
446	1.1335100446428572E-4
553	1.1335100446428572E-4
859	1.1335100446428572E-4
835	1.1335100446428572E-4
743	1.1335100446428572E-4
596	1.1335100446428572E-4
861	1.1335100446428572E-4
764	1.1335100446428572E-4
885	1.1335100446428572E-4
881	1.1335100446428572E-4
058	1.0463169642857142E-4
880	1.0463169642857142E-4
838	1.0463169642857142E-4
039	1.0463169642857142E-4
946	9.591238839285714E-5
057	9.591238839285714E-5
962	9.591238839285714E-5
968	9.591238839285714E-5
049	9.591238839285714E-5
840	9.591238839285714E-5
673	8.719308035714286E-5
738	8.719308035714286E-5
862	8.719308035714286E-5
674	7.847377232142858E-5
849	6.975446428571428E-5
