123456789	0.15723873441994246
987654321	0.014381591562799617
789456123	0.006711409395973154
147852369	0.005113454777884308
123654789	0.004154682007031001
123698745	0.003515500159795462
147258369	0.0031959092361776927
963852741	0.0028763183125599234
147896325	0.0022371364653243847
741852963	0.0019175455417066154
999999999	0.0019175455417066154
192837465	0.0015979546180888463
987456321	0.001278363694471077
123581321	0.001278363694471077
234567890	0.001278363694471077
203948576	9.587727708533077E-4
305175959	9.587727708533077E-4
963258741	9.587727708533077E-4
369852147	9.587727708533077E-4
159753456	9.587727708533077E-4
123454321	9.587727708533077E-4
070969310	6.391818472355385E-4
132465798	6.391818472355385E-4
159357258	6.391818472355385E-4
159482673	6.391818472355385E-4
321654987	6.391818472355385E-4
326159487	6.391818472355385E-4
456987123	6.391818472355385E-4
597361072	6.391818472355385E-4
753951852	6.391818472355385E-4
789654123	6.391818472355385E-4
074424841	6.391818472355385E-4
135792468	6.391818472355385E-4
038308764	6.391818472355385E-4
123789456	6.391818472355385E-4
369258147	6.391818472355385E-4
487027301	6.391818472355385E-4
965160045	6.391818472355385E-4
141592654	6.391818472355385E-4
000000000	6.391818472355385E-4
010491156	6.391818472355385E-4
072354307	6.391818472355385E-4
777150591	6.391818472355385E-4
055446425	6.391818472355385E-4
020035858	6.391818472355385E-4
282850123	6.391818472355385E-4
138025946	3.1959092361776926E-4
095128152	3.1959092361776926E-4
183493671	3.1959092361776926E-4
050030355	3.1959092361776926E-4
958621300	3.1959092361776926E-4
962428423	3.1959092361776926E-4
124365879	3.1959092361776926E-4
054462970	3.1959092361776926E-4
132715178	3.1959092361776926E-4
639469953	3.1959092361776926E-4
991560128	3.1959092361776926E-4
304584156	3.1959092361776926E-4
124269132	3.1959092361776926E-4
978633542	3.1959092361776926E-4
202811311	3.1959092361776926E-4
241613293	3.1959092361776926E-4
099348078	3.1959092361776926E-4
932851290	3.1959092361776926E-4
579276122	3.1959092361776926E-4
647102412	3.1959092361776926E-4
658136985	3.1959092361776926E-4
527529627	3.1959092361776926E-4
151192130	3.1959092361776926E-4
159987753	3.1959092361776926E-4
404010863	3.1959092361776926E-4
551001323	3.1959092361776926E-4
052789766	3.1959092361776926E-4
300217579	3.1959092361776926E-4
036624654	3.1959092361776926E-4
555540820	3.1959092361776926E-4
052950371	3.1959092361776926E-4
840024345	3.1959092361776926E-4
017302271	3.1959092361776926E-4
639242705	3.1959092361776926E-4
032745161	3.1959092361776926E-4
078062422	3.1959092361776926E-4
203513910	3.1959092361776926E-4
058021990	3.1959092361776926E-4
058463760	3.1959092361776926E-4
841361334	3.1959092361776926E-4
996254528	3.1959092361776926E-4
021091034	3.1959092361776926E-4
023777784	3.1959092361776926E-4
049999030	3.1959092361776926E-4
096321604	3.1959092361776926E-4
123448120	3.1959092361776926E-4
131767142	3.1959092361776926E-4
310033997	3.1959092361776926E-4
391152124	3.1959092361776926E-4
626134599	3.1959092361776926E-4
636388970	3.1959092361776926E-4
009861437	3.1959092361776926E-4
962666401	3.1959092361776926E-4
964073401	3.1959092361776926E-4
964856732	3.1959092361776926E-4
148236592	3.1959092361776926E-4
200416891	3.1959092361776926E-4
919214950	3.1959092361776926E-4
077104959	3.1959092361776926E-4
069018236	3.1959092361776926E-4
013006477	3.1959092361776926E-4
075632062	3.1959092361776926E-4
065968261	3.1959092361776926E-4
017162287	3.1959092361776926E-4
919291183	3.1959092361776926E-4
065838752	3.1959092361776926E-4
017883275	3.1959092361776926E-4
328952536	3.1959092361776926E-4
676540338	3.1959092361776926E-4
093365063	3.1959092361776926E-4
597812925	3.1959092361776926E-4
627334821	3.1959092361776926E-4
912623875	3.1959092361776926E-4
035353385	3.1959092361776926E-4
918172967	3.1959092361776926E-4
656493472	3.1959092361776926E-4
734477221	3.1959092361776926E-4
024492334	3.1959092361776926E-4
043421568	3.1959092361776926E-4
054779060	3.1959092361776926E-4
173946285	3.1959092361776926E-4
068754845	3.1959092361776926E-4
031088938	3.1959092361776926E-4
911011075	3.1959092361776926E-4
699000755	3.1959092361776926E-4
441591029	3.1959092361776926E-4
593121819	3.1959092361776926E-4
969617617	3.1959092361776926E-4
991348235	3.1959092361776926E-4
032602530	3.1959092361776926E-4
985632147	3.1959092361776926E-4
686924056	3.1959092361776926E-4
690281325	3.1959092361776926E-4
283972251	3.1959092361776926E-4
555111000	3.1959092361776926E-4
185770557	3.1959092361776926E-4
852316497	3.1959092361776926E-4
040203408	3.1959092361776926E-4
095775416	3.1959092361776926E-4
369874521	3.1959092361776926E-4
000000123	3.1959092361776926E-4
000123789	3.1959092361776926E-4
000369432	3.1959092361776926E-4
002100231	3.1959092361776926E-4
002699542	3.1959092361776926E-4
005894276	3.1959092361776926E-4
009728827	3.1959092361776926E-4
010034090	3.1959092361776926E-4
010110111	3.1959092361776926E-4
010244329	3.1959092361776926E-4
010467639	3.1959092361776926E-4
010893100	3.1959092361776926E-4
011510204	3.1959092361776926E-4
012536945	3.1959092361776926E-4
012615316	3.1959092361776926E-4
012882871	3.1959092361776926E-4
012914761	3.1959092361776926E-4
012979371	3.1959092361776926E-4
013735783	3.1959092361776926E-4
014261775	3.1959092361776926E-4
014535654	3.1959092361776926E-4
016114255	3.1959092361776926E-4
017658290	3.1959092361776926E-4
017756380	3.1959092361776926E-4
018054409	3.1959092361776926E-4
018577529	3.1959092361776926E-4
018980627	3.1959092361776926E-4
019264046	3.1959092361776926E-4
019603414	3.1959092361776926E-4
019615032	3.1959092361776926E-4
019733065	3.1959092361776926E-4
019861176	3.1959092361776926E-4
022413894	3.1959092361776926E-4
022434268	3.1959092361776926E-4
023116726	3.1959092361776926E-4
023173275	3.1959092361776926E-4
023317687	3.1959092361776926E-4
023409250	3.1959092361776926E-4
023511255	3.1959092361776926E-4
023536333	3.1959092361776926E-4
023851887	3.1959092361776926E-4
023893177	3.1959092361776926E-4
023944610	3.1959092361776926E-4
025040032	3.1959092361776926E-4
025876716	3.1959092361776926E-4
026392224	3.1959092361776926E-4
026918507	3.1959092361776926E-4
027028811	3.1959092361776926E-4
027374315	3.1959092361776926E-4
027445151	3.1959092361776926E-4
027540664	3.1959092361776926E-4
027720021	3.1959092361776926E-4
028074370	3.1959092361776926E-4
028319780	3.1959092361776926E-4
028652360	3.1959092361776926E-4
028731430	3.1959092361776926E-4
028793163	3.1959092361776926E-4
028879881	3.1959092361776926E-4
028925783	3.1959092361776926E-4
029077496	3.1959092361776926E-4
029092499	3.1959092361776926E-4
029199029	3.1959092361776926E-4
029723508	3.1959092361776926E-4
029815157	3.1959092361776926E-4
030369399	3.1959092361776926E-4
030469771	3.1959092361776926E-4
031333143	3.1959092361776926E-4
032006965	3.1959092361776926E-4
032116727	3.1959092361776926E-4
032221031	3.1959092361776926E-4
032410985	3.1959092361776926E-4
032622948	3.1959092361776926E-4
034213019	3.1959092361776926E-4
034473294	3.1959092361776926E-4
035210327	3.1959092361776926E-4
035224340	3.1959092361776926E-4
035515408	3.1959092361776926E-4
037964077	3.1959092361776926E-4
038671891	3.1959092361776926E-4
038766111	3.1959092361776926E-4
039453385	3.1959092361776926E-4
039597521	3.1959092361776926E-4
100335682	3.1959092361776926E-4
040008169	3.1959092361776926E-4
040009106	3.1959092361776926E-4
040050073	3.1959092361776926E-4
040179369	3.1959092361776926E-4
040400114	3.1959092361776926E-4
040595986	3.1959092361776926E-4
040619054	3.1959092361776926E-4
040792134	3.1959092361776926E-4
041010623	3.1959092361776926E-4
041243504	3.1959092361776926E-4
041531725	3.1959092361776926E-4
041555081	3.1959092361776926E-4
041725718	3.1959092361776926E-4
041780853	3.1959092361776926E-4
041790208	3.1959092361776926E-4
042070863	3.1959092361776926E-4
042415242	3.1959092361776926E-4
042491011	3.1959092361776926E-4
042718909	3.1959092361776926E-4
043234395	3.1959092361776926E-4
044251806	3.1959092361776926E-4
044315468	3.1959092361776926E-4
044836466	3.1959092361776926E-4
045244122	3.1959092361776926E-4
045314051	3.1959092361776926E-4
046000460	3.1959092361776926E-4
046316386	3.1959092361776926E-4
046767528	3.1959092361776926E-4
047214164	3.1959092361776926E-4
048121892	3.1959092361776926E-4
048156117	3.1959092361776926E-4
048200495	3.1959092361776926E-4
048315006	3.1959092361776926E-4
048443189	3.1959092361776926E-4
049482524	3.1959092361776926E-4
050355952	3.1959092361776926E-4
050452551	3.1959092361776926E-4
050525289	3.1959092361776926E-4
050597655	3.1959092361776926E-4
050874890	3.1959092361776926E-4
051000553	3.1959092361776926E-4
051007379	3.1959092361776926E-4
051207658	3.1959092361776926E-4
051302090	3.1959092361776926E-4
052635123	3.1959092361776926E-4
053101898	3.1959092361776926E-4
053110161	3.1959092361776926E-4
053217468	3.1959092361776926E-4
053240158	3.1959092361776926E-4
053471553	3.1959092361776926E-4
053532616	3.1959092361776926E-4
053871502	3.1959092361776926E-4
054351228	3.1959092361776926E-4
054449580	3.1959092361776926E-4
054461824	3.1959092361776926E-4
054743202	3.1959092361776926E-4
055222595	3.1959092361776926E-4
055259959	3.1959092361776926E-4
055613402	3.1959092361776926E-4
056612580	3.1959092361776926E-4
056862578	3.1959092361776926E-4
057003801	3.1959092361776926E-4
058024323	3.1959092361776926E-4
058863476	3.1959092361776926E-4
059545951	3.1959092361776926E-4
059546451	3.1959092361776926E-4
060057762	3.1959092361776926E-4
060201036	3.1959092361776926E-4
060656180	3.1959092361776926E-4
060656380	3.1959092361776926E-4
060964558	3.1959092361776926E-4
061080550	3.1959092361776926E-4
061400723	3.1959092361776926E-4
061668423	3.1959092361776926E-4
061814555	3.1959092361776926E-4
061895299	3.1959092361776926E-4
062061519	3.1959092361776926E-4
062298586	3.1959092361776926E-4
062589600	3.1959092361776926E-4
062671528	3.1959092361776926E-4
062685760	3.1959092361776926E-4
062686870	3.1959092361776926E-4
064590689	3.1959092361776926E-4
064800186	3.1959092361776926E-4
065636020	3.1959092361776926E-4
065759914	3.1959092361776926E-4
065903046	3.1959092361776926E-4
065915634	3.1959092361776926E-4
065919201	3.1959092361776926E-4
066059260	3.1959092361776926E-4
066344793	3.1959092361776926E-4
066362061	3.1959092361776926E-4
066480068	3.1959092361776926E-4
066777999	3.1959092361776926E-4
066782029	3.1959092361776926E-4
066885655	3.1959092361776926E-4
067109868	3.1959092361776926E-4
067112032	3.1959092361776926E-4
067113002	3.1959092361776926E-4
067324817	3.1959092361776926E-4
067854647	3.1959092361776926E-4
067898449	3.1959092361776926E-4
067937985	3.1959092361776926E-4
068072377	3.1959092361776926E-4
068453206	3.1959092361776926E-4
068518722	3.1959092361776926E-4
068727477	3.1959092361776926E-4
069101705	3.1959092361776926E-4
069131075	3.1959092361776926E-4
069173714	3.1959092361776926E-4
069249791	3.1959092361776926E-4
069249852	3.1959092361776926E-4
069295745	3.1959092361776926E-4
069498900	3.1959092361776926E-4
069646896	3.1959092361776926E-4
069992110	3.1959092361776926E-4
070102958	3.1959092361776926E-4
070249222	3.1959092361776926E-4
070382144	3.1959092361776926E-4
070397474	3.1959092361776926E-4
070420074	3.1959092361776926E-4
070493011	3.1959092361776926E-4
070506558	3.1959092361776926E-4
070963955	3.1959092361776926E-4
070972471	3.1959092361776926E-4
071346166	3.1959092361776926E-4
071498515	3.1959092361776926E-4
071561103	3.1959092361776926E-4
071938939	3.1959092361776926E-4
072217831	3.1959092361776926E-4
072330269	3.1959092361776926E-4
073007116	3.1959092361776926E-4
073288148	3.1959092361776926E-4
073322601	3.1959092361776926E-4
074077926	3.1959092361776926E-4
074251498	3.1959092361776926E-4
074291632	3.1959092361776926E-4
074447511	3.1959092361776926E-4
074452606	3.1959092361776926E-4
074982441	3.1959092361776926E-4
075288367	3.1959092361776926E-4
075309556	3.1959092361776926E-4
075486156	3.1959092361776926E-4
076215973	3.1959092361776926E-4
076432771	3.1959092361776926E-4
076529538	3.1959092361776926E-4
076563007	3.1959092361776926E-4
076742554	3.1959092361776926E-4
077081030	3.1959092361776926E-4
077447723	3.1959092361776926E-4
078212125	3.1959092361776926E-4
079424893	3.1959092361776926E-4
080147059	3.1959092361776926E-4
082936916	3.1959092361776926E-4
084165369	3.1959092361776926E-4
084214220	3.1959092361776926E-4
084355472	3.1959092361776926E-4
084715554	3.1959092361776926E-4
085123290	3.1959092361776926E-4
089064836	3.1959092361776926E-4
089242384	3.1959092361776926E-4
090018000	3.1959092361776926E-4
090389257	3.1959092361776926E-4
090607628	3.1959092361776926E-4
090935280	3.1959092361776926E-4
091178125	3.1959092361776926E-4
091561121	3.1959092361776926E-4
091842906	3.1959092361776926E-4
092215354	3.1959092361776926E-4
092331949	3.1959092361776926E-4
092638516	3.1959092361776926E-4
092660696	3.1959092361776926E-4
092775410	3.1959092361776926E-4
092953084	3.1959092361776926E-4
093358014	3.1959092361776926E-4
093600059	3.1959092361776926E-4
093769123	3.1959092361776926E-4
093976301	3.1959092361776926E-4
094053437	3.1959092361776926E-4
094130504	3.1959092361776926E-4
094164262	3.1959092361776926E-4
094306389	3.1959092361776926E-4
094348087	3.1959092361776926E-4
094397746	3.1959092361776926E-4
094440753	3.1959092361776926E-4
094557123	3.1959092361776926E-4
094667402	3.1959092361776926E-4
094819462	3.1959092361776926E-4
095285050	3.1959092361776926E-4
095369991	3.1959092361776926E-4
095506225	3.1959092361776926E-4
095518300	3.1959092361776926E-4
095559594	3.1959092361776926E-4
095993898	3.1959092361776926E-4
096552997	3.1959092361776926E-4
096685225	3.1959092361776926E-4
096723872	3.1959092361776926E-4
096891705	3.1959092361776926E-4
075341736	3.1959092361776926E-4
096983612	3.1959092361776926E-4
097007599	3.1959092361776926E-4
097008164	3.1959092361776926E-4
097131141	3.1959092361776926E-4
097137238	3.1959092361776926E-4
097161766	3.1959092361776926E-4
097564828	3.1959092361776926E-4
098762530	3.1959092361776926E-4
098860046	3.1959092361776926E-4
099005421	3.1959092361776926E-4
099322214	3.1959092361776926E-4
099368257	3.1959092361776926E-4
099928193	3.1959092361776926E-4
099985395	3.1959092361776926E-4
069784319	3.1959092361776926E-4
100007995	3.1959092361776926E-4
100100100	3.1959092361776926E-4
100386988	3.1959092361776926E-4
100809144	3.1959092361776926E-4
101981994	3.1959092361776926E-4
102030789	3.1959092361776926E-4
102178029	3.1959092361776926E-4
103155233	3.1959092361776926E-4
105234682	3.1959092361776926E-4
106447392	3.1959092361776926E-4
108765150	3.1959092361776926E-4
109533399	3.1959092361776926E-4
111177836	3.1959092361776926E-4
111603507	3.1959092361776926E-4
112050150	3.1959092361776926E-4
113428413	3.1959092361776926E-4
113510542	3.1959092361776926E-4
114100739	3.1959092361776926E-4
114915296	3.1959092361776926E-4
115510669	3.1959092361776926E-4
120024918	3.1959092361776926E-4
120120120	3.1959092361776926E-4
120419890	3.1959092361776926E-4
121299467	3.1959092361776926E-4
175125065	3.1959092361776926E-4
123123456	3.1959092361776926E-4
123123555	3.1959092361776926E-4
123321106	3.1959092361776926E-4
123654987	3.1959092361776926E-4
123661970	3.1959092361776926E-4
123698741	3.1959092361776926E-4
123789465	3.1959092361776926E-4
124578369	3.1959092361776926E-4
124578963	3.1959092361776926E-4
126895032	3.1959092361776926E-4
128763664	3.1959092361776926E-4
131169213	3.1959092361776926E-4
131326766	3.1959092361776926E-4
131519799	3.1959092361776926E-4
132465879	3.1959092361776926E-4
134679258	3.1959092361776926E-4
134679502	3.1959092361776926E-4
135791113	3.1959092361776926E-4
135798642	3.1959092361776926E-4
137731137	3.1959092361776926E-4
138567267	3.1959092361776926E-4
139195226	3.1959092361776926E-4
140650550	3.1959092361776926E-4
143141162	3.1959092361776926E-4
143250806	3.1959092361776926E-4
145236789	3.1959092361776926E-4
146025024	3.1959092361776926E-4
147592683	3.1959092361776926E-4
147896321	3.1959092361776926E-4
197532009	3.1959092361776926E-4
152813878	3.1959092361776926E-4
153159253	3.1959092361776926E-4
154114315	3.1959092361776926E-4
154215420	3.1959092361776926E-4
154424861	3.1959092361776926E-4
155232523	3.1959092361776926E-4
156262635	3.1959092361776926E-4
159357852	3.1959092361776926E-4
159723468	3.1959092361776926E-4
159753852	3.1959092361776926E-4
159874123	3.1959092361776926E-4
160050036	3.1959092361776926E-4
160859625	3.1959092361776926E-4
164841973	3.1959092361776926E-4
167372260	3.1959092361776926E-4
167943258	3.1959092361776926E-4
170219885	3.1959092361776926E-4
170414903	3.1959092361776926E-4
170496183	3.1959092361776926E-4
171318061	3.1959092361776926E-4
171672588	3.1959092361776926E-4
172093777	3.1959092361776926E-4
172139704	3.1959092361776926E-4
172217220	3.1959092361776926E-4
172218558	3.1959092361776926E-4
173928465	3.1959092361776926E-4
426720310	3.1959092361776926E-4
403647130	3.1959092361776926E-4
174566157	3.1959092361776926E-4
176440162	3.1959092361776926E-4
177197366	3.1959092361776926E-4
040803041	3.1959092361776926E-4
180256877	3.1959092361776926E-4
183729456	3.1959092361776926E-4
186160320	3.1959092361776926E-4
186282397	3.1959092361776926E-4
187944051	3.1959092361776926E-4
189770021	3.1959092361776926E-4
190554899	3.1959092361776926E-4
190666681	3.1959092361776926E-4
191255141	3.1959092361776926E-4
192145198	3.1959092361776926E-4
194878219	3.1959092361776926E-4
195563690	3.1959092361776926E-4
196044789	3.1959092361776926E-4
197328465	3.1959092361776926E-4
197808123	3.1959092361776926E-4
198645789	3.1959092361776926E-4
198658629	3.1959092361776926E-4
198781923	3.1959092361776926E-4
199118454	3.1959092361776926E-4
199486301	3.1959092361776926E-4
199940817	3.1959092361776926E-4
200003242	3.1959092361776926E-4
200168082	3.1959092361776926E-4
200211358	3.1959092361776926E-4
200220276	3.1959092361776926E-4
200325981	3.1959092361776926E-4
200402644	3.1959092361776926E-4
200414054	3.1959092361776926E-4
200510495	3.1959092361776926E-4
200710029	3.1959092361776926E-4
203855457	3.1959092361776926E-4
205140795	3.1959092361776926E-4
206522899	3.1959092361776926E-4
206546742	3.1959092361776926E-4
206680262	3.1959092361776926E-4
208128801	3.1959092361776926E-4
210091241	3.1959092361776926E-4
212214710	3.1959092361776926E-4
212224236	3.1959092361776926E-4
212539090	3.1959092361776926E-4
212953243	3.1959092361776926E-4
214982545	3.1959092361776926E-4
216313689	3.1959092361776926E-4
219820820	3.1959092361776926E-4
220138158	3.1959092361776926E-4
223026890	3.1959092361776926E-4
225007922	3.1959092361776926E-4
227313342	3.1959092361776926E-4
230690017	3.1959092361776926E-4
230744589	3.1959092361776926E-4
232579510	3.1959092361776926E-4
240357901	3.1959092361776926E-4
240591014	3.1959092361776926E-4
240990123	3.1959092361776926E-4
242510184	3.1959092361776926E-4
244732912	3.1959092361776926E-4
248655973	3.1959092361776926E-4
250069558	3.1959092361776926E-4
250720064	3.1959092361776926E-4
251825147	3.1959092361776926E-4
251898274	3.1959092361776926E-4
256262737	3.1959092361776926E-4
258369147	3.1959092361776926E-4
258461973	3.1959092361776926E-4
258467913	3.1959092361776926E-4
260710501	3.1959092361776926E-4
261181714	3.1959092361776926E-4
262263472	3.1959092361776926E-4
262562178	3.1959092361776926E-4
263497690	3.1959092361776926E-4
264282289	3.1959092361776926E-4
269952448	3.1959092361776926E-4
272029260	3.1959092361776926E-4
278421904	3.1959092361776926E-4
282924420	3.1959092361776926E-4
287868384	3.1959092361776926E-4
291246308	3.1959092361776926E-4
291523592	3.1959092361776926E-4
297393123	3.1959092361776926E-4
285080333	3.1959092361776926E-4
110591619	3.1959092361776926E-4
300036574	3.1959092361776926E-4
300142734	3.1959092361776926E-4
430123063	3.1959092361776926E-4
302013229	3.1959092361776926E-4
302130094	3.1959092361776926E-4
302249860	3.1959092361776926E-4
302254806	3.1959092361776926E-4
302279058	3.1959092361776926E-4
302552167	3.1959092361776926E-4
302802756	3.1959092361776926E-4
303095196	3.1959092361776926E-4
303156291	3.1959092361776926E-4
303224109	3.1959092361776926E-4
303299734	3.1959092361776926E-4
304146796	3.1959092361776926E-4
304321036	3.1959092361776926E-4
304882354	3.1959092361776926E-4
305062261	3.1959092361776926E-4
305076636	3.1959092361776926E-4
305091101	3.1959092361776926E-4
305109578	3.1959092361776926E-4
305295093	3.1959092361776926E-4
305348666	3.1959092361776926E-4
306250666	3.1959092361776926E-4
306308103	3.1959092361776926E-4
307093606	3.1959092361776926E-4
307198048	3.1959092361776926E-4
307225067	3.1959092361776926E-4
308108594	3.1959092361776926E-4
308328659	3.1959092361776926E-4
309255054	3.1959092361776926E-4
310027352	3.1959092361776926E-4
310240055	3.1959092361776926E-4
310520006	3.1959092361776926E-4
310725289	3.1959092361776926E-4
311432214	3.1959092361776926E-4
313822900	3.1959092361776926E-4
318486222	3.1959092361776926E-4
321478965	3.1959092361776926E-4
326939412	3.1959092361776926E-4
327916166	3.1959092361776926E-4
329524185	3.1959092361776926E-4
331970682	3.1959092361776926E-4
332136659	3.1959092361776926E-4
334905540	3.1959092361776926E-4
336033608	3.1959092361776926E-4
336677541	3.1959092361776926E-4
340261671	3.1959092361776926E-4
343550216	3.1959092361776926E-4
345050069	3.1959092361776926E-4
351018210	3.1959092361776926E-4
354016700	3.1959092361776926E-4
361507018	3.1959092361776926E-4
367135089	3.1959092361776926E-4
373427247	3.1959092361776926E-4
373685844	3.1959092361776926E-4
381923913	3.1959092361776926E-4
383499027	3.1959092361776926E-4
392588083	3.1959092361776926E-4
395834004	3.1959092361776926E-4
850029661	3.1959092361776926E-4
400410420	3.1959092361776926E-4
400494682	3.1959092361776926E-4
400497727	3.1959092361776926E-4
401139879	3.1959092361776926E-4
402084997	3.1959092361776926E-4
404445865	3.1959092361776926E-4
405683023	3.1959092361776926E-4
407393025	3.1959092361776926E-4
409627913	3.1959092361776926E-4
409794383	3.1959092361776926E-4
410032797	3.1959092361776926E-4
416341261	3.1959092361776926E-4
418175365	3.1959092361776926E-4
422415230	3.1959092361776926E-4
426580545	3.1959092361776926E-4
430522020	3.1959092361776926E-4
433655499	3.1959092361776926E-4
436679321	3.1959092361776926E-4
439996131	3.1959092361776926E-4
441011055	3.1959092361776926E-4
441328082	3.1959092361776926E-4
448930019	3.1959092361776926E-4
451527896	3.1959092361776926E-4
455631598	3.1959092361776926E-4
456123789	3.1959092361776926E-4
463914831	3.1959092361776926E-4
465733421	3.1959092361776926E-4
466941164	3.1959092361776926E-4
472116964	3.1959092361776926E-4
472575214	3.1959092361776926E-4
474000317	3.1959092361776926E-4
475868641	3.1959092361776926E-4
476619444	3.1959092361776926E-4
477020009	3.1959092361776926E-4
478521369	3.1959092361776926E-4
481021383	3.1959092361776926E-4
483230743	3.1959092361776926E-4
484259146	3.1959092361776926E-4
486279135	3.1959092361776926E-4
486957123	3.1959092361776926E-4
491350014	3.1959092361776926E-4
510434301	3.1959092361776926E-4
511162673	3.1959092361776926E-4
513596243	3.1959092361776926E-4
519643089	3.1959092361776926E-4
529015535	3.1959092361776926E-4
529419615	3.1959092361776926E-4
529626835	3.1959092361776926E-4
532636210	3.1959092361776926E-4
542219145	3.1959092361776926E-4
542335342	3.1959092361776926E-4
546975204	3.1959092361776926E-4
547896321	3.1959092361776926E-4
553171060	3.1959092361776926E-4
555076148	3.1959092361776926E-4
555592767	3.1959092361776926E-4
562366296	3.1959092361776926E-4
569855336	3.1959092361776926E-4
581994758	3.1959092361776926E-4
583131682	3.1959092361776926E-4
585867268	3.1959092361776926E-4
594219776	3.1959092361776926E-4
596268008	3.1959092361776926E-4
600851567	3.1959092361776926E-4
605562228	3.1959092361776926E-4
607620147	3.1959092361776926E-4
609575604	3.1959092361776926E-4
609965021	3.1959092361776926E-4
615058907	3.1959092361776926E-4
617193772	3.1959092361776926E-4
618022517	3.1959092361776926E-4
618569127	3.1959092361776926E-4
622602100	3.1959092361776926E-4
625552206	3.1959092361776926E-4
626353368	3.1959092361776926E-4
630575739	3.1959092361776926E-4
630576154	3.1959092361776926E-4
632121120	3.1959092361776926E-4
636912714	3.1959092361776926E-4
639976462	3.1959092361776926E-4
645152751	3.1959092361776926E-4
645958032	3.1959092361776926E-4
649230097	3.1959092361776926E-4
649889397	3.1959092361776926E-4
651020284	3.1959092361776926E-4
651049240	3.1959092361776926E-4
652791302	3.1959092361776926E-4
654220118	3.1959092361776926E-4
654621629	3.1959092361776926E-4
655363927	3.1959092361776926E-4
656181821	3.1959092361776926E-4
656661100	3.1959092361776926E-4
665262601	3.1959092361776926E-4
666060349	3.1959092361776926E-4
666123456	3.1959092361776926E-4
666463478	3.1959092361776926E-4
667984822	3.1959092361776926E-4
677369381	3.1959092361776926E-4
677849373	3.1959092361776926E-4
678066030	3.1959092361776926E-4
678119358	3.1959092361776926E-4
679245505	3.1959092361776926E-4
680780321	3.1959092361776926E-4
655443605	3.1959092361776926E-4
686490464	3.1959092361776926E-4
687136617	3.1959092361776926E-4
690610460	3.1959092361776926E-4
690719764	3.1959092361776926E-4
695209201	3.1959092361776926E-4
695601221	3.1959092361776926E-4
695610437	3.1959092361776926E-4
695638384	3.1959092361776926E-4
696016569	3.1959092361776926E-4
697511740	3.1959092361776926E-4
699320375	3.1959092361776926E-4
699621008	3.1959092361776926E-4
700785770	3.1959092361776926E-4
700885739	3.1959092361776926E-4
701097050	3.1959092361776926E-4
712414933	3.1959092361776926E-4
715017134	3.1959092361776926E-4
719793788	3.1959092361776926E-4
723648527	3.1959092361776926E-4
728486159	3.1959092361776926E-4
741236987	3.1959092361776926E-4
741258963	3.1959092361776926E-4
741852369	3.1959092361776926E-4
745325000	3.1959092361776926E-4
748794103	3.1959092361776926E-4
751965248	3.1959092361776926E-4
753852456	3.1959092361776926E-4
760211124	3.1959092361776926E-4
767902610	3.1959092361776926E-4
769905397	3.1959092361776926E-4
770535155	3.1959092361776926E-4
777811836	3.1959092361776926E-4
783645571	3.1959092361776926E-4
784512963	3.1959092361776926E-4
787204721	3.1959092361776926E-4
789123456	3.1959092361776926E-4
789159357	3.1959092361776926E-4
789521230	3.1959092361776926E-4
789632141	3.1959092361776926E-4
790213465	3.1959092361776926E-4
797512236	3.1959092361776926E-4
801474136	3.1959092361776926E-4
801956114	3.1959092361776926E-4
806325700	3.1959092361776926E-4
825099907	3.1959092361776926E-4
825368463	3.1959092361776926E-4
833177818	3.1959092361776926E-4
094724563	3.1959092361776926E-4
842697135	3.1959092361776926E-4
852852852	3.1959092361776926E-4
855312345	3.1959092361776926E-4
861106962	3.1959092361776926E-4
867045378	3.1959092361776926E-4
880329847	3.1959092361776926E-4
881144520	3.1959092361776926E-4
884295499	3.1959092361776926E-4
889954126	3.1959092361776926E-4
890077347	3.1959092361776926E-4
892081638	3.1959092361776926E-4
900033085	3.1959092361776926E-4
900401664	3.1959092361776926E-4
910910037	3.1959092361776926E-4
911971079	3.1959092361776926E-4
912388166	3.1959092361776926E-4
912410108	3.1959092361776926E-4
912449278	3.1959092361776926E-4
912724306	3.1959092361776926E-4
912751982	3.1959092361776926E-4
912845412	3.1959092361776926E-4
912957405	3.1959092361776926E-4
913220006	3.1959092361776926E-4
913369459	3.1959092361776926E-4
913611669	3.1959092361776926E-4
913653143	3.1959092361776926E-4
913710067	3.1959092361776926E-4
913901723	3.1959092361776926E-4
914114721	3.1959092361776926E-4
914357070	3.1959092361776926E-4
914673825	3.1959092361776926E-4
914848198	3.1959092361776926E-4
914854755	3.1959092361776926E-4
914855366	3.1959092361776926E-4
914992618	3.1959092361776926E-4
915067835	3.1959092361776926E-4
915619929	3.1959092361776926E-4
916087002	3.1959092361776926E-4
916100267	3.1959092361776926E-4
916500263	3.1959092361776926E-4
916714829	3.1959092361776926E-4
916782411	3.1959092361776926E-4
916944475	3.1959092361776926E-4
916967560	3.1959092361776926E-4
916972675	3.1959092361776926E-4
917235575	3.1959092361776926E-4
917756448	3.1959092361776926E-4
917970314	3.1959092361776926E-4
917985915	3.1959092361776926E-4
918167864	3.1959092361776926E-4
918517800	3.1959092361776926E-4
918546730	3.1959092361776926E-4
918889982	3.1959092361776926E-4
919055048	3.1959092361776926E-4
919468031	3.1959092361776926E-4
919641803	3.1959092361776926E-4
919657492	3.1959092361776926E-4
919726269	3.1959092361776926E-4
919755223	3.1959092361776926E-4
919784563	3.1959092361776926E-4
925457480	3.1959092361776926E-4
925602133	3.1959092361776926E-4
929571131	3.1959092361776926E-4
931312400	3.1959092361776926E-4
932841063	3.1959092361776926E-4
934410051	3.1959092361776926E-4
934752695	3.1959092361776926E-4
935081570	3.1959092361776926E-4
937236831	3.1959092361776926E-4
937348525	3.1959092361776926E-4
937366586	3.1959092361776926E-4
937856893	3.1959092361776926E-4
939328417	3.1959092361776926E-4
939352045	3.1959092361776926E-4
940401754	3.1959092361776926E-4
948856195	3.1959092361776926E-4
949999070	3.1959092361776926E-4
956807159	3.1959092361776926E-4
958800772	3.1959092361776926E-4
959387686	3.1959092361776926E-4
960047601	3.1959092361776926E-4
960059444	3.1959092361776926E-4
961230708	3.1959092361776926E-4
961357824	3.1959092361776926E-4
961454686	3.1959092361776926E-4
962003145	3.1959092361776926E-4
962459820	3.1959092361776926E-4
963176099	3.1959092361776926E-4
964736561	3.1959092361776926E-4
965221616	3.1959092361776926E-4
965314496	3.1959092361776926E-4
965411320	3.1959092361776926E-4
965604089	3.1959092361776926E-4
966086300	3.1959092361776926E-4
966160572	3.1959092361776926E-4
966263341	3.1959092361776926E-4
966597882	3.1959092361776926E-4
966788377	3.1959092361776926E-4
967032383	3.1959092361776926E-4
967224076	3.1959092361776926E-4
967411277	3.1959092361776926E-4
967963073	3.1959092361776926E-4
968102389	3.1959092361776926E-4
968350918	3.1959092361776926E-4
968414916	3.1959092361776926E-4
968527246	3.1959092361776926E-4
903943444	3.1959092361776926E-4
968989278	3.1959092361776926E-4
969063817	3.1959092361776926E-4
969128872	3.1959092361776926E-4
969735702	3.1959092361776926E-4
972151796	3.1959092361776926E-4
007035877	3.1959092361776926E-4
976431852	3.1959092361776926E-4
976683415	3.1959092361776926E-4
976993667	3.1959092361776926E-4
980153637	3.1959092361776926E-4
983650270	3.1959092361776926E-4
987412365	3.1959092361776926E-4
988588731	3.1959092361776926E-4
988652310	3.1959092361776926E-4
989989689	3.1959092361776926E-4
990305575	3.1959092361776926E-4
991620153	3.1959092361776926E-4
999964231	3.1959092361776926E-4
036644317	3.1959092361776926E-4
816664142	3.1959092361776926E-4
072086960	3.1959092361776926E-4
050094966	3.1959092361776926E-4
318638707	3.1959092361776926E-4
097709354	3.1959092361776926E-4
461021237	3.1959092361776926E-4
050666674	3.1959092361776926E-4
105684192	3.1959092361776926E-4
301448277	3.1959092361776926E-4
025894828	3.1959092361776926E-4
200144171	3.1959092361776926E-4
338299173	3.1959092361776926E-4
017524574	3.1959092361776926E-4
150308021	3.1959092361776926E-4
200750963	3.1959092361776926E-4
320092615	3.1959092361776926E-4
321543372	3.1959092361776926E-4
503640431	3.1959092361776926E-4
066141204	3.1959092361776926E-4
095487790	3.1959092361776926E-4
044735739	3.1959092361776926E-4
205361047	3.1959092361776926E-4
017972116	3.1959092361776926E-4
369439520	3.1959092361776926E-4
517950620	3.1959092361776926E-4
042513103	3.1959092361776926E-4
079562455	3.1959092361776926E-4
130041994	3.1959092361776926E-4
944650340	3.1959092361776926E-4
060032976	3.1959092361776926E-4
123321579	3.1959092361776926E-4
123571814	3.1959092361776926E-4
913012420	3.1959092361776926E-4
565123315	3.1959092361776926E-4
038636779	3.1959092361776926E-4
013723405	3.1959092361776926E-4
919991825	3.1959092361776926E-4
123173955	3.1959092361776926E-4
484948925	3.1959092361776926E-4
013029441	3.1959092361776926E-4
213111991	3.1959092361776926E-4
313712962	3.1959092361776926E-4
956561695	3.1959092361776926E-4
023981583	3.1959092361776926E-4
123259526	3.1959092361776926E-4
010061359	3.1959092361776926E-4
679639523	3.1959092361776926E-4
231881681	3.1959092361776926E-4
252521556	3.1959092361776926E-4
259161428	3.1959092361776926E-4
110578007	3.1959092361776926E-4
962503472	3.1959092361776926E-4
403315211	3.1959092361776926E-4
575580434	3.1959092361776926E-4
502201134	3.1959092361776926E-4
196072506	3.1959092361776926E-4
914116330	3.1959092361776926E-4
987741123	3.1959092361776926E-4
200407013	3.1959092361776926E-4
095406424	3.1959092361776926E-4
058784582	3.1959092361776926E-4
029252259	3.1959092361776926E-4
097585825	3.1959092361776926E-4
071883163	3.1959092361776926E-4
072974610	3.1959092361776926E-4
042742167	3.1959092361776926E-4
402271107	3.1959092361776926E-4
590388628	3.1959092361776926E-4
032321419	3.1959092361776926E-4
035864259	3.1959092361776926E-4
079473485	3.1959092361776926E-4
017153251	3.1959092361776926E-4
051346423	3.1959092361776926E-4
112950124	3.1959092361776926E-4
015441194	3.1959092361776926E-4
704181122	3.1959092361776926E-4
385121951	3.1959092361776926E-4
111211311	3.1959092361776926E-4
586759181	3.1959092361776926E-4
899006611	3.1959092361776926E-4
269892535	3.1959092361776926E-4
682167328	3.1959092361776926E-4
539668712	3.1959092361776926E-4
053531895	3.1959092361776926E-4
060289734	3.1959092361776926E-4
032461475	3.1959092361776926E-4
019716301	3.1959092361776926E-4
053532844	3.1959092361776926E-4
054227102	3.1959092361776926E-4
096497496	3.1959092361776926E-4
434898201	3.1959092361776926E-4
024123750	3.1959092361776926E-4
524837078	3.1959092361776926E-4
308146970	3.1959092361776926E-4
253112531	3.1959092361776926E-4
162598252	3.1959092361776926E-4
061587314	3.1959092361776926E-4
034633048	3.1959092361776926E-4
071570384	3.1959092361776926E-4
678847135	3.1959092361776926E-4
042732577	3.1959092361776926E-4
014343761	3.1959092361776926E-4
889527518	3.1959092361776926E-4
980026969	3.1959092361776926E-4
271453178	3.1959092361776926E-4
200424811	3.1959092361776926E-4
431153107	3.1959092361776926E-4
011817882	3.1959092361776926E-4
860190003	3.1959092361776926E-4
234283848	3.1959092361776926E-4
082412900	3.1959092361776926E-4
084158107	3.1959092361776926E-4
444848784	3.1959092361776926E-4
934856183	3.1959092361776926E-4
221322138	3.1959092361776926E-4
044444072	3.1959092361776926E-4
511244212	3.1959092361776926E-4
086059788	3.1959092361776926E-4
200616526	3.1959092361776926E-4
001643087	3.1959092361776926E-4
528798099	3.1959092361776926E-4
401970609	3.1959092361776926E-4
260519865	3.1959092361776926E-4
046249670	3.1959092361776926E-4
617017300	3.1959092361776926E-4
039542123	3.1959092361776926E-4
735542779	3.1959092361776926E-4
130212301	3.1959092361776926E-4
257710690	3.1959092361776926E-4
147849412	3.1959092361776926E-4
122427589	3.1959092361776926E-4
155220231	3.1959092361776926E-4
287326503	3.1959092361776926E-4
912026161	3.1959092361776926E-4
084210033	3.1959092361776926E-4
011990135	3.1959092361776926E-4
064547167	3.1959092361776926E-4
060220268	3.1959092361776926E-4
276909149	3.1959092361776926E-4
059221731	3.1959092361776926E-4
086125446	3.1959092361776926E-4
086548465	3.1959092361776926E-4
024204967	3.1959092361776926E-4
216071981	3.1959092361776926E-4
791382465	3.1959092361776926E-4
274768274	3.1959092361776926E-4
054470516	3.1959092361776926E-4
253630621	3.1959092361776926E-4
780128001	3.1959092361776926E-4
912805620	3.1959092361776926E-4
109453210	3.1959092361776926E-4
934599190	3.1959092361776926E-4
224921995	3.1959092361776926E-4
366892797	3.1959092361776926E-4
040619452	3.1959092361776926E-4
371381894	3.1959092361776926E-4
028161875	3.1959092361776926E-4
853141365	3.1959092361776926E-4
228031996	3.1959092361776926E-4
442024078	3.1959092361776926E-4
057999936	3.1959092361776926E-4
066985423	3.1959092361776926E-4
010881318	3.1959092361776926E-4
050657875	3.1959092361776926E-4
061766244	3.1959092361776926E-4
679185171	3.1959092361776926E-4
026693431	3.1959092361776926E-4
094309255	3.1959092361776926E-4
226148718	3.1959092361776926E-4
191017433	3.1959092361776926E-4
852862432	3.1959092361776926E-4
913378747	3.1959092361776926E-4
304342682	3.1959092361776926E-4
095526891	3.1959092361776926E-4
028170958	3.1959092361776926E-4
923271423	3.1959092361776926E-4
077847173	3.1959092361776926E-4
041512787	3.1959092361776926E-4
201021036	3.1959092361776926E-4
070097865	3.1959092361776926E-4
024200458	3.1959092361776926E-4
028957460	3.1959092361776926E-4
252997188	3.1959092361776926E-4
018097130	3.1959092361776926E-4
218013094	3.1959092361776926E-4
060512154	3.1959092361776926E-4
210022884	3.1959092361776926E-4
302108981	3.1959092361776926E-4
030331819	3.1959092361776926E-4
922139922	3.1959092361776926E-4
404807024	3.1959092361776926E-4
090095352	3.1959092361776926E-4
031040018	3.1959092361776926E-4
029614565	3.1959092361776926E-4
024374880	3.1959092361776926E-4
468178598	3.1959092361776926E-4
029561032	3.1959092361776926E-4
024010593	3.1959092361776926E-4
505655585	3.1959092361776926E-4
014323203	3.1959092361776926E-4
038852468	3.1959092361776926E-4
032516365	3.1959092361776926E-4
095050505	3.1959092361776926E-4
097928739	3.1959092361776926E-4
111111111	3.1959092361776926E-4
143298933	3.1959092361776926E-4
641229152	3.1959092361776926E-4
000060471	3.1959092361776926E-4
440192050	3.1959092361776926E-4
053954030	3.1959092361776926E-4
939112781	3.1959092361776926E-4
270919097	3.1959092361776926E-4
145003418	3.1959092361776926E-4
200103171	3.1959092361776926E-4
206236910	3.1959092361776926E-4
019445566	3.1959092361776926E-4
025384568	3.1959092361776926E-4
043623472	3.1959092361776926E-4
912815908	3.1959092361776926E-4
071112735	3.1959092361776926E-4
083239942	3.1959092361776926E-4
067723482	3.1959092361776926E-4
690860686	3.1959092361776926E-4
065352686	3.1959092361776926E-4
114740852	3.1959092361776926E-4
033682270	3.1959092361776926E-4
320312137	3.1959092361776926E-4
039354658	3.1959092361776926E-4
050681402	3.1959092361776926E-4
097577262	3.1959092361776926E-4
166340000	3.1959092361776926E-4
098677050	3.1959092361776926E-4
079278077	3.1959092361776926E-4
362741560	3.1959092361776926E-4
065922193	3.1959092361776926E-4
503235712	3.1959092361776926E-4
016686161	3.1959092361776926E-4
974787184	3.1959092361776926E-4
066565614	3.1959092361776926E-4
403361013	3.1959092361776926E-4
044188481	3.1959092361776926E-4
100154758	3.1959092361776926E-4
125120076	3.1959092361776926E-4
969484069	3.1959092361776926E-4
055624506	3.1959092361776926E-4
066697792	3.1959092361776926E-4
305110482	3.1959092361776926E-4
620094303	3.1959092361776926E-4
630522097	3.1959092361776926E-4
535922889	3.1959092361776926E-4
431021138	3.1959092361776926E-4
099177179	3.1959092361776926E-4
063374001	3.1959092361776926E-4
180221524	3.1959092361776926E-4
763811421	3.1959092361776926E-4
066763296	3.1959092361776926E-4
398324503	3.1959092361776926E-4
339173053	3.1959092361776926E-4
061450170	3.1959092361776926E-4
913936451	3.1959092361776926E-4
598384659	3.1959092361776926E-4
912399611	3.1959092361776926E-4
015596519	3.1959092361776926E-4
017177100	3.1959092361776926E-4
065387001	3.1959092361776926E-4
008664438	3.1959092361776926E-4
488023584	3.1959092361776926E-4
199520071	3.1959092361776926E-4
051081086	3.1959092361776926E-4
061149645	3.1959092361776926E-4
754048023	3.1959092361776926E-4
039441978	3.1959092361776926E-4
038614652	3.1959092361776926E-4
010217067	3.1959092361776926E-4
094375233	3.1959092361776926E-4
179484647	3.1959092361776926E-4
042860087	3.1959092361776926E-4
025652431	3.1959092361776926E-4
365062986	3.1959092361776926E-4
123452001	3.1959092361776926E-4
007122518	3.1959092361776926E-4
217194702	3.1959092361776926E-4
028640336	3.1959092361776926E-4
040733704	3.1959092361776926E-4
599301689	3.1959092361776926E-4
101421178	3.1959092361776926E-4
063903999	3.1959092361776926E-4
316067406	3.1959092361776926E-4
751609525	3.1959092361776926E-4
102938475	3.1959092361776926E-4
989861758	3.1959092361776926E-4
596242997	3.1959092361776926E-4
911954470	3.1959092361776926E-4
522717272	3.1959092361776926E-4
028132857	3.1959092361776926E-4
069761907	3.1959092361776926E-4
068620370	3.1959092361776926E-4
216993048	3.1959092361776926E-4
427599555	3.1959092361776926E-4
052054043	3.1959092361776926E-4
146464838	3.1959092361776926E-4
121521919	3.1959092361776926E-4
099979369	3.1959092361776926E-4
044204186	3.1959092361776926E-4
945201314	3.1959092361776926E-4
026897933	3.1959092361776926E-4
303142173	3.1959092361776926E-4
768563536	3.1959092361776926E-4
006943661	3.1959092361776926E-4
030216606	3.1959092361776926E-4
053651367	3.1959092361776926E-4
190718393	3.1959092361776926E-4
606343284	3.1959092361776926E-4
305094250	3.1959092361776926E-4
235199413	3.1959092361776926E-4
933885514	3.1959092361776926E-4
919186020	3.1959092361776926E-4
253651742	3.1959092361776926E-4
549798550	3.1959092361776926E-4
253614977	3.1959092361776926E-4
131614911	3.1959092361776926E-4
066366501	3.1959092361776926E-4
968248549	3.1959092361776926E-4
061560204	3.1959092361776926E-4
058536977	3.1959092361776926E-4
623623623	3.1959092361776926E-4
789741753	3.1959092361776926E-4
041686158	3.1959092361776926E-4
304090943	3.1959092361776926E-4
301051727	3.1959092361776926E-4
962302613	3.1959092361776926E-4
606328408	3.1959092361776926E-4
936864878	3.1959092361776926E-4
049852933	3.1959092361776926E-4
056261876	3.1959092361776926E-4
040287634	3.1959092361776926E-4
079505377	3.1959092361776926E-4
136479852	3.1959092361776926E-4
969182913	3.1959092361776926E-4
800162100	3.1959092361776926E-4
800162110	3.1959092361776926E-4
665211189	3.1959092361776926E-4
017536764	3.1959092361776926E-4
212040630	3.1959092361776926E-4
091201313	3.1959092361776926E-4
601167163	3.1959092361776926E-4
113456789	3.1959092361776926E-4
074428791	3.1959092361776926E-4
041483377	3.1959092361776926E-4
099062538	3.1959092361776926E-4
200500358	3.1959092361776926E-4
943789799	3.1959092361776926E-4
096323416	3.1959092361776926E-4
054361020	3.1959092361776926E-4
639962546	3.1959092361776926E-4
030208696	3.1959092361776926E-4
060678694	3.1959092361776926E-4
023465710	3.1959092361776926E-4
724942347	3.1959092361776926E-4
014599549	3.1959092361776926E-4
021554792	3.1959092361776926E-4
085443512	3.1959092361776926E-4
085258088	3.1959092361776926E-4
915450133	3.1959092361776926E-4
331600110	3.1959092361776926E-4
045951529	3.1959092361776926E-4
305332716	3.1959092361776926E-4
023185853	3.1959092361776926E-4
025708869	3.1959092361776926E-4
028642044	3.1959092361776926E-4
033456044	3.1959092361776926E-4
076263375	3.1959092361776926E-4
097017991	3.1959092361776926E-4
079877668	3.1959092361776926E-4
036336030	3.1959092361776926E-4
093202564	3.1959092361776926E-4
616912010	3.1959092361776926E-4
038397006	3.1959092361776926E-4
069802296	3.1959092361776926E-4
163456789	3.1959092361776926E-4
060525107	3.1959092361776926E-4
526411994	3.1959092361776926E-4
135796248	3.1959092361776926E-4
736742885	3.1959092361776926E-4
399345853	3.1959092361776926E-4
053800866	3.1959092361776926E-4
055262857	3.1959092361776926E-4
086521755	3.1959092361776926E-4
095573682	3.1959092361776926E-4
415638997	3.1959092361776926E-4
041485527	3.1959092361776926E-4
040132560	3.1959092361776926E-4
241211989	3.1959092361776926E-4
386091579	3.1959092361776926E-4
028152079	3.1959092361776926E-4
450020764	3.1959092361776926E-4
056745312	3.1959092361776926E-4
099549661	3.1959092361776926E-4
711097424	3.1959092361776926E-4
079198098	3.1959092361776926E-4
069424325	3.1959092361776926E-4
028618637	3.1959092361776926E-4
045322977	3.1959092361776926E-4
490610226	3.1959092361776926E-4
054451993	3.1959092361776926E-4
013720182	3.1959092361776926E-4
097807642	3.1959092361776926E-4
966370426	3.1959092361776926E-4
210425322	3.1959092361776926E-4
312062004	3.1959092361776926E-4
912293477	3.1959092361776926E-4
048363451	3.1959092361776926E-4
993419967	3.1959092361776926E-4
097029336	3.1959092361776926E-4
181939181	3.1959092361776926E-4
015444831	3.1959092361776926E-4
056520697	3.1959092361776926E-4
185901599	3.1959092361776926E-4
016909060	3.1959092361776926E-4
007314145	3.1959092361776926E-4
083239263	3.1959092361776926E-4
042331459	3.1959092361776926E-4
086211771	3.1959092361776926E-4
011813137	3.1959092361776926E-4
097676368	3.1959092361776926E-4
200523840	3.1959092361776926E-4
018118131	3.1959092361776926E-4
062105808	3.1959092361776926E-4
355547496	3.1959092361776926E-4
902102140	3.1959092361776926E-4
913089907	3.1959092361776926E-4
090782958	3.1959092361776926E-4
094161196	3.1959092361776926E-4
159632478	3.1959092361776926E-4
667022920	3.1959092361776926E-4
230854905	3.1959092361776926E-4
951753654	3.1959092361776926E-4
616654788	3.1959092361776926E-4
148614861	3.1959092361776926E-4
230796508	3.1959092361776926E-4
919446814	3.1959092361776926E-4
656082519	3.1959092361776926E-4
044818394	3.1959092361776926E-4
171051989	3.1959092361776926E-4
021826300	3.1959092361776926E-4
053532811	3.1959092361776926E-4
013753514	3.1959092361776926E-4
679723071	3.1959092361776926E-4
066720954	3.1959092361776926E-4
201141426	3.1959092361776926E-4
024293005	3.1959092361776926E-4
202676218	3.1959092361776926E-4
405319276	3.1959092361776926E-4
941233744	3.1959092361776926E-4
163668506	3.1959092361776926E-4
058863731	3.1959092361776926E-4
431493608	3.1959092361776926E-4
118600012	3.1959092361776926E-4
088275686	3.1959092361776926E-4
879293296	3.1959092361776926E-4
495851581	3.1959092361776926E-4
070719899	3.1959092361776926E-4
156491435	3.1959092361776926E-4
712571646	3.1959092361776926E-4
565656565	3.1959092361776926E-4
010190327	3.1959092361776926E-4
021218188	3.1959092361776926E-4
080209054	3.1959092361776926E-4
858410022	3.1959092361776926E-4
496830013	3.1959092361776926E-4
123940886	3.1959092361776926E-4
172268901	3.1959092361776926E-4
461146531	3.1959092361776926E-4
028023774	3.1959092361776926E-4
041544478	3.1959092361776926E-4
104644829	3.1959092361776926E-4
301882221	3.1959092361776926E-4
121921292	3.1959092361776926E-4
402358653	3.1959092361776926E-4
572574425	3.1959092361776926E-4
745965123	3.1959092361776926E-4
966653272	3.1959092361776926E-4
967362248	3.1959092361776926E-4
520087150	3.1959092361776926E-4
961643952	3.1959092361776926E-4
999530703	3.1959092361776926E-4
046387485	3.1959092361776926E-4
048446004	3.1959092361776926E-4
099221576	3.1959092361776926E-4
036613896	3.1959092361776926E-4
070801495	3.1959092361776926E-4
075615424	3.1959092361776926E-4
066587096	3.1959092361776926E-4
040400854	3.1959092361776926E-4
040097130	3.1959092361776926E-4
068805707	3.1959092361776926E-4
431012258	3.1959092361776926E-4
555111292	3.1959092361776926E-4
054791406	3.1959092361776926E-4
040023171	3.1959092361776926E-4
069479799	3.1959092361776926E-4
032085475	3.1959092361776926E-4
342419697	3.1959092361776926E-4
965157397	3.1959092361776926E-4
321673572	3.1959092361776926E-4
431012284	3.1959092361776926E-4
227950687	3.1959092361776926E-4
022365471	3.1959092361776926E-4
985667198	3.1959092361776926E-4
051322960	3.1959092361776926E-4
058048729	3.1959092361776926E-4
035053066	3.1959092361776926E-4
066518601	3.1959092361776926E-4
193728465	3.1959092361776926E-4
301256443	3.1959092361776926E-4
240770279	3.1959092361776926E-4
828878913	3.1959092361776926E-4
021741304	3.1959092361776926E-4
050783072	3.1959092361776926E-4
607504547	3.1959092361776926E-4
917167866	3.1959092361776926E-4
964669871	3.1959092361776926E-4
302430144	3.1959092361776926E-4
713215791	3.1959092361776926E-4
652200768	3.1959092361776926E-4
600373255	3.1959092361776926E-4
031458855	3.1959092361776926E-4
198710287	3.1959092361776926E-4
717109147	3.1959092361776926E-4
328756820	3.1959092361776926E-4
591504195	3.1959092361776926E-4
040092429	3.1959092361776926E-4
046502729	3.1959092361776926E-4
138122525	3.1959092361776926E-4
053660413	3.1959092361776926E-4
054315989	3.1959092361776926E-4
660639786	3.1959092361776926E-4
654321666	3.1959092361776926E-4
429111061	3.1959092361776926E-4
481592616	3.1959092361776926E-4
095438835	3.1959092361776926E-4
991502687	3.1959092361776926E-4
111119882	3.1959092361776926E-4
042468164	3.1959092361776926E-4
067307913	3.1959092361776926E-4
464639404	3.1959092361776926E-4
095104088	3.1959092361776926E-4
023233310	3.1959092361776926E-4
038286252	3.1959092361776926E-4
091500869	3.1959092361776926E-4
680735211	3.1959092361776926E-4
286883947	3.1959092361776926E-4
258596078	3.1959092361776926E-4
253526372	3.1959092361776926E-4
012896768	3.1959092361776926E-4
104538111	3.1959092361776926E-4
067715524	3.1959092361776926E-4
043336055	3.1959092361776926E-4
097052699	3.1959092361776926E-4
067137613	3.1959092361776926E-4
040535477	3.1959092361776926E-4
097457522	3.1959092361776926E-4
962876027	3.1959092361776926E-4
761989369	3.1959092361776926E-4
934765587	3.1959092361776926E-4
019665164	3.1959092361776926E-4
965598588	3.1959092361776926E-4
464230206	3.1959092361776926E-4
124486403	3.1959092361776926E-4
803725211	3.1959092361776926E-4
303214797	3.1959092361776926E-4
009880661	3.1959092361776926E-4
057774471	3.1959092361776926E-4
078915125	3.1959092361776926E-4
085909604	3.1959092361776926E-4
134679852	3.1959092361776926E-4
237655351	3.1959092361776926E-4
403292551	3.1959092361776926E-4
607331996	3.1959092361776926E-4
899415541	3.1959092361776926E-4
662054596	3.1959092361776926E-4
501210125	3.1959092361776926E-4
052510698	3.1959092361776926E-4
871001560	3.1959092361776926E-4
987612345	3.1959092361776926E-4
053611850	3.1959092361776926E-4
993053814	3.1959092361776926E-4
200620065	3.1959092361776926E-4
123564897	3.1959092361776926E-4
179737582	3.1959092361776926E-4
198433918	3.1959092361776926E-4
253210310	3.1959092361776926E-4
200211030	3.1959092361776926E-4
637135807	3.1959092361776926E-4
152158963	3.1959092361776926E-4
018141081	3.1959092361776926E-4
648262416	3.1959092361776926E-4
063352975	3.1959092361776926E-4
308196542	3.1959092361776926E-4
449147331	3.1959092361776926E-4
023647748	3.1959092361776926E-4
014756987	3.1959092361776926E-4
125952487	3.1959092361776926E-4
062599143	3.1959092361776926E-4
596485164	3.1959092361776926E-4
012951486	3.1959092361776926E-4
098668837	3.1959092361776926E-4
317199289	3.1959092361776926E-4
100906078	3.1959092361776926E-4
121887500	3.1959092361776926E-4
097235812	3.1959092361776926E-4
913637731	3.1959092361776926E-4
931304416	3.1959092361776926E-4
097354919	3.1959092361776926E-4
027524921	3.1959092361776926E-4
919639720	3.1959092361776926E-4
059414364	3.1959092361776926E-4
961400165	3.1959092361776926E-4
116120350	3.1959092361776926E-4
040705638	3.1959092361776926E-4
961449979	3.1959092361776926E-4
916289243	3.1959092361776926E-4
028801820	3.1959092361776926E-4
912417651	3.1959092361776926E-4
408040888	3.1959092361776926E-4
919883671	3.1959092361776926E-4
916723354	3.1959092361776926E-4
041920463	3.1959092361776926E-4
069984099	3.1959092361776926E-4
037214553	3.1959092361776926E-4
241019737	3.1959092361776926E-4
074515035	3.1959092361776926E-4
026797225	3.1959092361776926E-4
211019858	3.1959092361776926E-4
521521521	3.1959092361776926E-4
142003464	3.1959092361776926E-4
210909092	3.1959092361776926E-4
060803354	3.1959092361776926E-4
049540321	3.1959092361776926E-4
044225718	3.1959092361776926E-4
062792775	3.1959092361776926E-4
969129737	3.1959092361776926E-4
096971990	3.1959092361776926E-4
201314520	3.1959092361776926E-4
091373933	3.1959092361776926E-4
000174493	3.1959092361776926E-4
029100517	3.1959092361776926E-4
126608948	3.1959092361776926E-4
010202502	3.1959092361776926E-4
101145467	3.1959092361776926E-4
061532041	3.1959092361776926E-4
126186981	3.1959092361776926E-4
169857854	3.1959092361776926E-4
074711233	3.1959092361776926E-4
179722155	3.1959092361776926E-4
200110205	3.1959092361776926E-4
299792458	3.1959092361776926E-4
016074727	3.1959092361776926E-4
035764641	3.1959092361776926E-4
047315299	3.1959092361776926E-4
200730385	3.1959092361776926E-4
427718190	3.1959092361776926E-4
916813287	3.1959092361776926E-4
123455678	3.1959092361776926E-4
095893222	3.1959092361776926E-4
235538563	3.1959092361776926E-4
779116791	3.1959092361776926E-4
207526070	3.1959092361776926E-4
472242049	3.1959092361776926E-4
047688232	3.1959092361776926E-4
091871565	3.1959092361776926E-4
003698741	3.1959092361776926E-4
480573085	3.1959092361776926E-4
037312799	3.1959092361776926E-4
160425372	3.1959092361776926E-4
078180585	3.1959092361776926E-4
924461126	3.1959092361776926E-4
240821992	3.1959092361776926E-4
616313078	3.1959092361776926E-4
016874021	3.1959092361776926E-4
032426603	3.1959092361776926E-4
963349653	3.1959092361776926E-4
040207058	3.1959092361776926E-4
060383718	3.1959092361776926E-4
386285828	3.1959092361776926E-4
029644116	3.1959092361776926E-4
061628854	3.1959092361776926E-4
078750208	3.1959092361776926E-4
039444117	3.1959092361776926E-4
024767925	3.1959092361776926E-4
113030492	3.1959092361776926E-4
969867944	3.1959092361776926E-4
524075518	3.1959092361776926E-4
181891882	3.1959092361776926E-4
017443366	3.1959092361776926E-4
200618649	3.1959092361776926E-4
001488852	3.1959092361776926E-4
077177214	3.1959092361776926E-4
916654124	3.1959092361776926E-4
039817499	3.1959092361776926E-4
931614597	3.1959092361776926E-4
994723181	3.1959092361776926E-4
951753456	3.1959092361776926E-4
937168516	3.1959092361776926E-4
910711738	3.1959092361776926E-4
821876696	3.1959092361776926E-4
154047317	3.1959092361776926E-4
198819871	3.1959092361776926E-4
078437436	3.1959092361776926E-4
917182950	3.1959092361776926E-4
624935589	3.1959092361776926E-4
141992222	3.1959092361776926E-4
101954696	3.1959092361776926E-4
070783396	3.1959092361776926E-4
089891895	3.1959092361776926E-4
661827687	3.1959092361776926E-4
572014132	3.1959092361776926E-4
326753473	3.1959092361776926E-4
463210636	3.1959092361776926E-4
074236125	3.1959092361776926E-4
896118505	3.1959092361776926E-4
784951623	3.1959092361776926E-4
437770214	3.1959092361776926E-4
087797718	3.1959092361776926E-4
575766337	3.1959092361776926E-4
627013778	3.1959092361776926E-4
057067615	3.1959092361776926E-4
070138215	3.1959092361776926E-4
011113669	3.1959092361776926E-4
195387262	3.1959092361776926E-4
090621883	3.1959092361776926E-4
190201409	3.1959092361776926E-4
769636413	3.1959092361776926E-4
026929730	3.1959092361776926E-4
671279407	3.1959092361776926E-4
966875220	3.1959092361776926E-4
154057582	3.1959092361776926E-4
551214141	3.1959092361776926E-4
916160314	3.1959092361776926E-4
184265851	3.1959092361776926E-4
096071448	3.1959092361776926E-4
071911016	3.1959092361776926E-4
028104244	3.1959092361776926E-4
627044090	3.1959092361776926E-4
149211994	3.1959092361776926E-4
055108120	3.1959092361776926E-4
101279289	3.1959092361776926E-4
131410203	3.1959092361776926E-4
206312601	3.1959092361776926E-4
295643077	3.1959092361776926E-4
700468129	3.1959092361776926E-4
125121510	3.1959092361776926E-4
016288226	3.1959092361776926E-4
024223722	3.1959092361776926E-4
627800185	3.1959092361776926E-4
964965426	3.1959092361776926E-4
964477951	3.1959092361776926E-4
066642215	3.1959092361776926E-4
070751156	3.1959092361776926E-4
992200091	3.1959092361776926E-4
101008706	3.1959092361776926E-4
132333234	3.1959092361776926E-4
040585490	3.1959092361776926E-4
123654123	3.1959092361776926E-4
098790227	3.1959092361776926E-4
096395637	3.1959092361776926E-4
303682852	3.1959092361776926E-4
964761603	3.1959092361776926E-4
113063479	3.1959092361776926E-4
171757247	3.1959092361776926E-4
054458570	3.1959092361776926E-4
016522966	3.1959092361776926E-4
019469537	3.1959092361776926E-4
471582693	3.1959092361776926E-4
218549635	3.1959092361776926E-4
073045482	3.1959092361776926E-4
063210171	3.1959092361776926E-4
099188913	3.1959092361776926E-4
933126255	3.1959092361776926E-4
040954682	3.1959092361776926E-4
098893479	3.1959092361776926E-4
965322288	3.1959092361776926E-4
058995952	3.1959092361776926E-4
461091360	3.1959092361776926E-4
053783311	3.1959092361776926E-4
072895581	3.1959092361776926E-4
156427389	3.1959092361776926E-4
331820560	3.1959092361776926E-4
167273342	3.1959092361776926E-4
751511345	3.1959092361776926E-4
091254199	3.1959092361776926E-4
135797531	3.1959092361776926E-4
314587403	3.1959092361776926E-4
012369874	3.1959092361776926E-4
345869789	3.1959092361776926E-4
084873031	3.1959092361776926E-4
311880699	3.1959092361776926E-4
200506319	3.1959092361776926E-4
969594521	3.1959092361776926E-4
934507382	3.1959092361776926E-4
235401565	3.1959092361776926E-4
032110130	3.1959092361776926E-4
615946069	3.1959092361776926E-4
092409664	3.1959092361776926E-4
123792536	3.1959092361776926E-4
478088294	3.1959092361776926E-4
028734026	3.1959092361776926E-4
096432357	3.1959092361776926E-4
092995061	3.1959092361776926E-4
915284610	3.1959092361776926E-4
035398666	3.1959092361776926E-4
087904281	3.1959092361776926E-4
461360032	3.1959092361776926E-4
022415197	3.1959092361776926E-4
068571987	3.1959092361776926E-4
183792465	3.1959092361776926E-4
599285726	3.1959092361776926E-4
123372025	3.1959092361776926E-4
013661423	3.1959092361776926E-4
201031796	3.1959092361776926E-4
963427206	3.1959092361776926E-4
919270300	3.1959092361776926E-4
989847113	3.1959092361776926E-4
912277367	3.1959092361776926E-4
070942190	3.1959092361776926E-4
091143204	3.1959092361776926E-4
104994659	3.1959092361776926E-4
913385186	3.1959092361776926E-4
100503011	3.1959092361776926E-4
082974157	3.1959092361776926E-4
016686322	3.1959092361776926E-4
155141347	3.1959092361776926E-4
944538699	3.1959092361776926E-4
054742162	3.1959092361776926E-4
067261468	3.1959092361776926E-4
050084456	3.1959092361776926E-4
052204032	3.1959092361776926E-4
028993910	3.1959092361776926E-4
041589705	3.1959092361776926E-4
034659404	3.1959092361776926E-4
179657292	3.1959092361776926E-4
050304064	3.1959092361776926E-4
047213514	3.1959092361776926E-4
073035906	3.1959092361776926E-4
873602996	3.1959092361776926E-4
214748923	3.1959092361776926E-4
302054160	3.1959092361776926E-4
061134353	3.1959092361776926E-4
034505078	3.1959092361776926E-4
933155993	3.1959092361776926E-4
164515413	3.1959092361776926E-4
065956437	3.1959092361776926E-4
523698741	3.1959092361776926E-4
994994993	3.1959092361776926E-4
456543106	3.1959092361776926E-4
072386530	3.1959092361776926E-4
018171196	3.1959092361776926E-4
047469471	3.1959092361776926E-4
030206702	3.1959092361776926E-4
575068846	3.1959092361776926E-4
412671117	3.1959092361776926E-4
123704682	3.1959092361776926E-4
014532580	3.1959092361776926E-4
660847300	3.1959092361776926E-4
333333333	3.1959092361776926E-4
018033715	3.1959092361776926E-4
052635657	3.1959092361776926E-4
102092189	3.1959092361776926E-4
528456852	3.1959092361776926E-4
941824800	3.1959092361776926E-4
963321779	3.1959092361776926E-4
081376194	3.1959092361776926E-4
042460610	3.1959092361776926E-4
351823587	3.1959092361776926E-4
104740621	3.1959092361776926E-4
975312468	3.1959092361776926E-4
812725793	3.1959092361776926E-4
031678177	3.1959092361776926E-4
147027077	3.1959092361776926E-4
103235033	3.1959092361776926E-4
143506491	3.1959092361776926E-4
087803181	3.1959092361776926E-4
106299326	3.1959092361776926E-4
127772857	3.1959092361776926E-4
106731474	3.1959092361776926E-4
116459571	3.1959092361776926E-4
110277611	3.1959092361776926E-4
114497239	3.1959092361776926E-4
115126278	3.1959092361776926E-4
116141183	3.1959092361776926E-4
116463163	3.1959092361776926E-4
127623272	3.1959092361776926E-4
918461379	3.1959092361776926E-4
152494923	3.1959092361776926E-4
200210338	3.1959092361776926E-4
643985295	3.1959092361776926E-4
917797907	3.1959092361776926E-4
968133671	3.1959092361776926E-4
997111358	3.1959092361776926E-4
036312811	3.1959092361776926E-4
102716438	3.1959092361776926E-4
221255987	3.1959092361776926E-4
105688663	3.1959092361776926E-4
969410903	3.1959092361776926E-4
914997873	3.1959092361776926E-4
914261790	3.1959092361776926E-4
934704164	3.1959092361776926E-4
891208789	3.1959092361776926E-4
921478523	3.1959092361776926E-4
055290173	3.1959092361776926E-4
969755359	3.1959092361776926E-4
384941113	3.1959092361776926E-4
594866670	3.1959092361776926E-4
965232589	3.1959092361776926E-4
065109036	3.1959092361776926E-4
196382654	3.1959092361776926E-4
642345532	3.1959092361776926E-4
071963331	3.1959092361776926E-4
096474458	3.1959092361776926E-4
917944510	3.1959092361776926E-4
074596098	3.1959092361776926E-4
048053217	3.1959092361776926E-4
049853152	3.1959092361776926E-4
077263019	3.1959092361776926E-4
066403038	3.1959092361776926E-4
498085001	3.1959092361776926E-4
123333333	3.1959092361776926E-4
911223333	3.1959092361776926E-4
106701527	3.1959092361776926E-4
212270390	3.1959092361776926E-4
022778126	3.1959092361776926E-4
066533221	3.1959092361776926E-4
306249941	3.1959092361776926E-4
200319886	3.1959092361776926E-4
994700728	3.1959092361776926E-4
037216003	3.1959092361776926E-4
065665140	3.1959092361776926E-4
870297859	3.1959092361776926E-4
650102069	3.1959092361776926E-4
306041570	3.1959092361776926E-4
649602076	3.1959092361776926E-4
919692722	3.1959092361776926E-4
961295799	3.1959092361776926E-4
794613258	3.1959092361776926E-4
292020410	3.1959092361776926E-4
586889034	3.1959092361776926E-4
406318429	3.1959092361776926E-4
804056101	3.1959092361776926E-4
219368636	3.1959092361776926E-4
071722472	3.1959092361776926E-4
486245968	3.1959092361776926E-4
966655654	3.1959092361776926E-4
961290937	3.1959092361776926E-4
129888533	3.1959092361776926E-4
999310390	3.1959092361776926E-4
828402211	3.1959092361776926E-4
307258603	3.1959092361776926E-4
049871362	3.1959092361776926E-4
852134679	3.1959092361776926E-4
034643163	3.1959092361776926E-4
199501879	3.1959092361776926E-4
656672995	3.1959092361776926E-4
015155399	3.1959092361776926E-4
200226138	3.1959092361776926E-4
918089015	3.1959092361776926E-4
017262726	3.1959092361776926E-4
404068936	3.1959092361776926E-4
123456798	3.1959092361776926E-4
916146299	3.1959092361776926E-4
066754818	3.1959092361776926E-4
028095094	3.1959092361776926E-4
107440251	3.1959092361776926E-4
236589369	3.1959092361776926E-4
062386361	3.1959092361776926E-4
657205582	3.1959092361776926E-4
095610101	3.1959092361776926E-4
092384949	3.1959092361776926E-4
123410115	3.1959092361776926E-4
483080270	3.1959092361776926E-4
018549843	3.1959092361776926E-4
024436040	3.1959092361776926E-4
010263325	3.1959092361776926E-4
902349420	3.1959092361776926E-4
054417057	3.1959092361776926E-4
992642203	3.1959092361776926E-4
538945146	3.1959092361776926E-4
726529635	3.1959092361776926E-4
319874256	3.1959092361776926E-4
014469406	3.1959092361776926E-4
168016194	3.1959092361776926E-4
095545646	3.1959092361776926E-4
900902183	3.1959092361776926E-4
220645210	3.1959092361776926E-4
914321098	3.1959092361776926E-4
341071083	3.1959092361776926E-4
922276295	3.1959092361776926E-4
199413954	3.1959092361776926E-4
171914011	3.1959092361776926E-4
939690494	3.1959092361776926E-4
008073591	3.1959092361776926E-4
053424307	3.1959092361776926E-4
200888007	3.1959092361776926E-4
984405558	3.1959092361776926E-4
134567890	3.1959092361776926E-4
241202333	3.1959092361776926E-4
626761550	3.1959092361776926E-4
914138647	3.1959092361776926E-4
075375191	3.1959092361776926E-4
911026904	3.1959092361776926E-4
200711888	3.1959092361776926E-4
635056633	3.1959092361776926E-4
464983654	3.1959092361776926E-4
292700705	3.1959092361776926E-4
401333519	3.1959092361776926E-4
200300270	3.1959092361776926E-4
060318566	3.1959092361776926E-4
750706031	3.1959092361776926E-4
123308979	3.1959092361776926E-4
027217994	3.1959092361776926E-4
191032423	3.1959092361776926E-4
220031994	3.1959092361776926E-4
039162479	3.1959092361776926E-4
028931580	3.1959092361776926E-4
031097345	3.1959092361776926E-4
046741461	3.1959092361776926E-4
046530310	3.1959092361776926E-4
125155612	3.1959092361776926E-4
097030628	3.1959092361776926E-4
137039879	3.1959092361776926E-4
964142468	3.1959092361776926E-4
050460193	3.1959092361776926E-4
062777089	3.1959092361776926E-4
067391405	3.1959092361776926E-4
120136255	3.1959092361776926E-4
171741017	3.1959092361776926E-4
830031996	3.1959092361776926E-4
655153511	3.1959092361776926E-4
963741852	3.1959092361776926E-4
068683321	3.1959092361776926E-4
072114953	3.1959092361776926E-4
841085994	3.1959092361776926E-4
869001860	3.1959092361776926E-4
962550270	3.1959092361776926E-4
137924685	3.1959092361776926E-4
094369513	3.1959092361776926E-4
858464805	3.1959092361776926E-4
916451314	3.1959092361776926E-4
044121085	3.1959092361776926E-4
092439891	3.1959092361776926E-4
075067588	3.1959092361776926E-4
073332202	3.1959092361776926E-4
094790154	3.1959092361776926E-4
789456654	3.1959092361776926E-4
914625628	3.1959092361776926E-4
493230204	3.1959092361776926E-4
246897531	3.1959092361776926E-4
159753123	3.1959092361776926E-4
082901394	3.1959092361776926E-4
900630222	3.1959092361776926E-4
071823952	3.1959092361776926E-4
916321480	3.1959092361776926E-4
653014293	3.1959092361776926E-4
999934780	3.1959092361776926E-4
072237848	3.1959092361776926E-4
018540891	3.1959092361776926E-4
112119874	3.1959092361776926E-4
219291458	3.1959092361776926E-4
680335415	3.1959092361776926E-4
627265635	3.1959092361776926E-4
306284845	3.1959092361776926E-4
994003116	3.1959092361776926E-4
428026433	3.1959092361776926E-4
204226294	3.1959092361776926E-4
917996481	3.1959092361776926E-4
819912009	3.1959092361776926E-4
075356182	3.1959092361776926E-4
099519177	3.1959092361776926E-4
190476007	3.1959092361776926E-4
987575452	3.1959092361776926E-4
076254251	3.1959092361776926E-4
978291773	3.1959092361776926E-4
027395323	3.1959092361776926E-4
061204060	3.1959092361776926E-4
331389357	3.1959092361776926E-4
724704792	3.1959092361776926E-4
200615934	3.1959092361776926E-4
944556677	3.1959092361776926E-4
913293995	3.1959092361776926E-4
917231105	3.1959092361776926E-4
061155497	3.1959092361776926E-4
252010780	3.1959092361776926E-4
000537538	3.1959092361776926E-4
932366296	3.1959092361776926E-4
310293492	3.1959092361776926E-4
968357207	3.1959092361776926E-4
633039467	3.1959092361776926E-4
253577647	3.1959092361776926E-4
095222077	3.1959092361776926E-4
013772923	3.1959092361776926E-4
314049413	3.1959092361776926E-4
969705193	3.1959092361776926E-4
042511070	3.1959092361776926E-4
031219914	3.1959092361776926E-4
048054308	3.1959092361776926E-4
254859367	3.1959092361776926E-4
950421056	3.1959092361776926E-4
071405107	3.1959092361776926E-4
074437935	3.1959092361776926E-4
747791264	3.1959092361776926E-4
201212075	3.1959092361776926E-4
024153985	3.1959092361776926E-4
289829917	3.1959092361776926E-4
200320061	3.1959092361776926E-4
070331215	3.1959092361776926E-4
099804161	3.1959092361776926E-4
002475962	3.1959092361776926E-4
650814681	3.1959092361776926E-4
210703188	3.1959092361776926E-4
060269193	3.1959092361776926E-4
057426974	3.1959092361776926E-4
042243612	3.1959092361776926E-4
060954923	3.1959092361776926E-4
381020495	3.1959092361776926E-4
054227167	3.1959092361776926E-4
016040104	3.1959092361776926E-4
068929498	3.1959092361776926E-4
056708078	3.1959092361776926E-4
460390010	3.1959092361776926E-4
024108465	3.1959092361776926E-4
032542172	3.1959092361776926E-4
454433409	3.1959092361776926E-4
017748850	3.1959092361776926E-4
603624563	3.1959092361776926E-4
035300079	3.1959092361776926E-4
096247196	3.1959092361776926E-4
044848515	3.1959092361776926E-4
100880830	3.1959092361776926E-4
150419917	3.1959092361776926E-4
172141607	3.1959092361776926E-4
032574172	3.1959092361776926E-4
078807877	3.1959092361776926E-4
079721423	3.1959092361776926E-4
170591321	3.1959092361776926E-4
098427915	3.1959092361776926E-4
042206281	3.1959092361776926E-4
912009599	3.1959092361776926E-4
804053297	3.1959092361776926E-4
492407575	3.1959092361776926E-4
951205752	3.1959092361776926E-4
041229243	3.1959092361776926E-4
476111000	3.1959092361776926E-4
062076363	3.1959092361776926E-4
192648375	3.1959092361776926E-4
022852381	3.1959092361776926E-4
019750245	3.1959092361776926E-4
043580249	3.1959092361776926E-4
127011992	3.1959092361776926E-4
017947894	3.1959092361776926E-4
040568097	3.1959092361776926E-4
096542658	3.1959092361776926E-4
029939465	3.1959092361776926E-4
104343436	3.1959092361776926E-4
066809964	3.1959092361776926E-4
179841294	3.1959092361776926E-4
200190694	3.1959092361776926E-4
726665591	3.1959092361776926E-4
045669143	3.1959092361776926E-4
144798558	3.1959092361776926E-4
044459148	3.1959092361776926E-4
322163054	3.1959092361776926E-4
041500110	3.1959092361776926E-4
011809037	3.1959092361776926E-4
233633333	3.1959092361776926E-4
089702547	3.1959092361776926E-4
060422342	3.1959092361776926E-4
392041663	3.1959092361776926E-4
017216126	3.1959092361776926E-4
091279624	3.1959092361776926E-4
930407105	3.1959092361776926E-4
025844660	3.1959092361776926E-4
013076964	3.1959092361776926E-4
667225931	3.1959092361776926E-4
878517847	3.1959092361776926E-4
914589220	3.1959092361776926E-4
018550277	3.1959092361776926E-4
019544820	3.1959092361776926E-4
478156677	3.1959092361776926E-4
113067130	3.1959092361776926E-4
057777174	3.1959092361776926E-4
580038259	3.1959092361776926E-4
748159263	3.1959092361776926E-4
053804940	3.1959092361776926E-4
062199480	3.1959092361776926E-4
943091972	3.1959092361776926E-4
040832800	3.1959092361776926E-4
024470974	3.1959092361776926E-4
651661953	3.1959092361776926E-4
101977889	3.1959092361776926E-4
038856103	3.1959092361776926E-4
050419755	3.1959092361776926E-4
066946875	3.1959092361776926E-4
027148125	3.1959092361776926E-4
913447451	3.1959092361776926E-4
527647512	3.1959092361776926E-4
529040000	3.1959092361776926E-4
880602712	3.1959092361776926E-4
071848660	3.1959092361776926E-4
010311318	3.1959092361776926E-4
042324284	3.1959092361776926E-4
480500045	3.1959092361776926E-4
087154689	3.1959092361776926E-4
800056871	3.1959092361776926E-4
966706930	3.1959092361776926E-4
140392105	3.1959092361776926E-4
113070462	3.1959092361776926E-4
045266847	3.1959092361776926E-4
123010393	3.1959092361776926E-4
587259533	3.1959092361776926E-4
616163265	3.1959092361776926E-4
065542561	3.1959092361776926E-4
013046958	3.1959092361776926E-4
029859356	3.1959092361776926E-4
270003452	3.1959092361776926E-4
028035746	3.1959092361776926E-4
029010133	3.1959092361776926E-4
798123954	3.1959092361776926E-4
043524987	3.1959092361776926E-4
039652632	3.1959092361776926E-4
037312087	3.1959092361776926E-4
017950583	3.1959092361776926E-4
038461259	3.1959092361776926E-4
491310203	3.1959092361776926E-4
016160994	3.1959092361776926E-4
075252028	3.1959092361776926E-4
033108848	3.1959092361776926E-4
079795562	3.1959092361776926E-4
200412461	3.1959092361776926E-4
029441304	3.1959092361776926E-4
069392040	3.1959092361776926E-4
281832171	3.1959092361776926E-4
123123123	3.1959092361776926E-4
498708815	3.1959092361776926E-4
200741378	3.1959092361776926E-4
123180895	3.1959092361776926E-4
123456110	3.1959092361776926E-4
091595368	3.1959092361776926E-4
173400628	3.1959092361776926E-4
486975600	3.1959092361776926E-4
816102391	3.1959092361776926E-4
917563790	3.1959092361776926E-4
093712365	3.1959092361776926E-4
726326258	3.1959092361776926E-4
303200239	3.1959092361776926E-4
013699554	3.1959092361776926E-4
056336680	3.1959092361776926E-4
038292490	3.1959092361776926E-4
711213397	3.1959092361776926E-4
264857139	3.1959092361776926E-4
809567905	3.1959092361776926E-4
066392588	3.1959092361776926E-4
032250108	3.1959092361776926E-4
919135016	3.1959092361776926E-4
256183649	3.1959092361776926E-4
967160418	3.1959092361776926E-4
062064132	3.1959092361776926E-4
010978069	3.1959092361776926E-4
372116228	3.1959092361776926E-4
200614357	3.1959092361776926E-4
989931248	3.1959092361776926E-4
740906178	3.1959092361776926E-4
094134505	3.1959092361776926E-4
638264530	3.1959092361776926E-4
157998579	3.1959092361776926E-4
913460352	3.1959092361776926E-4
101198011	3.1959092361776926E-4
423160101	3.1959092361776926E-4
066241598	3.1959092361776926E-4
025828015	3.1959092361776926E-4
041937797	3.1959092361776926E-4
086175115	3.1959092361776926E-4
120882522	3.1959092361776926E-4
182167845	3.1959092361776926E-4
332626969	3.1959092361776926E-4
630204324	3.1959092361776926E-4
811509506	3.1959092361776926E-4
821659405	3.1959092361776926E-4
163786532	3.1959092361776926E-4
040909529	3.1959092361776926E-4
054646126	3.1959092361776926E-4
057082414	3.1959092361776926E-4
062586470	3.1959092361776926E-4
078462349	3.1959092361776926E-4
073225450	3.1959092361776926E-4
040609152	3.1959092361776926E-4
091192595	3.1959092361776926E-4
552612114	3.1959092361776926E-4
091135979	3.1959092361776926E-4
622180616	3.1959092361776926E-4
910901732	3.1959092361776926E-4
097890784	3.1959092361776926E-4
207099414	3.1959092361776926E-4
346134610	3.1959092361776926E-4
280100146	3.1959092361776926E-4
939502751	3.1959092361776926E-4
076199892	3.1959092361776926E-4
019876841	3.1959092361776926E-4
911006607	3.1959092361776926E-4
174068152	3.1959092361776926E-4
789420894	3.1959092361776926E-4
966655722	3.1959092361776926E-4
025944839	3.1959092361776926E-4
091278450	3.1959092361776926E-4
067285583	3.1959092361776926E-4
913739850	3.1959092361776926E-4
805629863	3.1959092361776926E-4
631267794	3.1959092361776926E-4
861193625	3.1959092361776926E-4
041301179	3.1959092361776926E-4
997145322	3.1959092361776926E-4
678681790	3.1959092361776926E-4
874750301	3.1959092361776926E-4
054221146	3.1959092361776926E-4
022514499	3.1959092361776926E-4
302536314	3.1959092361776926E-4
442129015	3.1959092361776926E-4
310881350	3.1959092361776926E-4
189584991	3.1959092361776926E-4
627062018	3.1959092361776926E-4
854829200	3.1959092361776926E-4
029759268	3.1959092361776926E-4
919058123	3.1959092361776926E-4
635837380	3.1959092361776926E-4
718531682	3.1959092361776926E-4
306290716	3.1959092361776926E-4
065777134	3.1959092361776926E-4
395255981	3.1959092361776926E-4
097760644	3.1959092361776926E-4
024511262	3.1959092361776926E-4
992322489	3.1959092361776926E-4
060929612	3.1959092361776926E-4
123568956	3.1959092361776926E-4
057713692	3.1959092361776926E-4
040702340	3.1959092361776926E-4
053696020	3.1959092361776926E-4
471120016	3.1959092361776926E-4
123456987	3.1959092361776926E-4
129343678	3.1959092361776926E-4
052898625	3.1959092361776926E-4
091778988	3.1959092361776926E-4
050418824	3.1959092361776926E-4
054521941	3.1959092361776926E-4
032081280	3.1959092361776926E-4
035425031	3.1959092361776926E-4
117779478	3.1959092361776926E-4
119894056	3.1959092361776926E-4
119926095	3.1959092361776926E-4
888257888	3.1959092361776926E-4
184567121	3.1959092361776926E-4
046747785	3.1959092361776926E-4
258158820	3.1959092361776926E-4
984171001	3.1959092361776926E-4
026271144	3.1959092361776926E-4
000614667	3.1959092361776926E-4
207167663	3.1959092361776926E-4
055533484	3.1959092361776926E-4
159874236	3.1959092361776926E-4
071562851	3.1959092361776926E-4
016057876	3.1959092361776926E-4
123303559	3.1959092361776926E-4
076212764	3.1959092361776926E-4
012138276	3.1959092361776926E-4
045012050	3.1959092361776926E-4
075216023	3.1959092361776926E-4
967516549	3.1959092361776926E-4
290301585	3.1959092361776926E-4
047984059	3.1959092361776926E-4
844292002	3.1959092361776926E-4
246253100	3.1959092361776926E-4
010957909	3.1959092361776926E-4
015692317	3.1959092361776926E-4
027281026	3.1959092361776926E-4
028191177	3.1959092361776926E-4
124567890	3.1959092361776926E-4
200633623	3.1959092361776926E-4
123225234	3.1959092361776926E-4
408690670	3.1959092361776926E-4
403050723	3.1959092361776926E-4
936436427	3.1959092361776926E-4
018026605	3.1959092361776926E-4
063261004	3.1959092361776926E-4
596124287	3.1959092361776926E-4
065110264	3.1959092361776926E-4
917159640	3.1959092361776926E-4
052603334	3.1959092361776926E-4
066050286	3.1959092361776926E-4
200511799	3.1959092361776926E-4
965148884	3.1959092361776926E-4
762292449	3.1959092361776926E-4
060400080	3.1959092361776926E-4
040464007	3.1959092361776926E-4
098765432	3.1959092361776926E-4
047548260	3.1959092361776926E-4
101137295	3.1959092361776926E-4
037169784	3.1959092361776926E-4
087961239	3.1959092361776926E-4
010842693	3.1959092361776926E-4
012563637	3.1959092361776926E-4
123242242	3.1959092361776926E-4
927250568	3.1959092361776926E-4
121213311	3.1959092361776926E-4
001349877	3.1959092361776926E-4
017093847	3.1959092361776926E-4
022382274	3.1959092361776926E-4
311920420	3.1959092361776926E-4
802841350	3.1959092361776926E-4
204914730	3.1959092361776926E-4
111222333	3.1959092361776926E-4
048033729	3.1959092361776926E-4
309229597	3.1959092361776926E-4
521136131	3.1959092361776926E-4
504327155	3.1959092361776926E-4
686814495	3.1959092361776926E-4
304184529	3.1959092361776926E-4
012721699	3.1959092361776926E-4
024103164	3.1959092361776926E-4
028493125	3.1959092361776926E-4
031526456	3.1959092361776926E-4
031971824	3.1959092361776926E-4
041164990	3.1959092361776926E-4
047688188	3.1959092361776926E-4
054614291	3.1959092361776926E-4
061654953	3.1959092361776926E-4
065860662	3.1959092361776926E-4
067428314	3.1959092361776926E-4
078073726	3.1959092361776926E-4
090544571	3.1959092361776926E-4
094613547	3.1959092361776926E-4
096829524	3.1959092361776926E-4
100200300	3.1959092361776926E-4
100281048	3.1959092361776926E-4
115210422	3.1959092361776926E-4
123459876	3.1959092361776926E-4
159258357	3.1959092361776926E-4
200411880	3.1959092361776926E-4
201217254	3.1959092361776926E-4
246813579	3.1959092361776926E-4
308213946	3.1959092361776926E-4
456968574	3.1959092361776926E-4
465989654	3.1959092361776926E-4
639242155	3.1959092361776926E-4
919064306	3.1959092361776926E-4
962735441	3.1959092361776926E-4
971601240	3.1959092361776926E-4
096002545	3.1959092361776926E-4
912132311	3.1959092361776926E-4
225500042	3.1959092361776926E-4
023827702	3.1959092361776926E-4
011807136	3.1959092361776926E-4
917330166	3.1959092361776926E-4
466996312	3.1959092361776926E-4
025664845	3.1959092361776926E-4
094928936	3.1959092361776926E-4
919678348	3.1959092361776926E-4
237555134	3.1959092361776926E-4
561538660	3.1959092361776926E-4
936688452	3.1959092361776926E-4
029902670	3.1959092361776926E-4
919340950	3.1959092361776926E-4
917471277	3.1959092361776926E-4
541238891	3.1959092361776926E-4
259693178	3.1959092361776926E-4
034281556	3.1959092361776926E-4
628668588	3.1959092361776926E-4
200173027	3.1959092361776926E-4
380925283	3.1959092361776926E-4
078549903	3.1959092361776926E-4
044298207	3.1959092361776926E-4
876255998	3.1959092361776926E-4
255784898	3.1959092361776926E-4
305163718	3.1959092361776926E-4
752782001	3.1959092361776926E-4
564173700	3.1959092361776926E-4
029712748	3.1959092361776926E-4
393886184	3.1959092361776926E-4
078412608	3.1959092361776926E-4
043861364	3.1959092361776926E-4
095594560	3.1959092361776926E-4
067462098	3.1959092361776926E-4
139042004	3.1959092361776926E-4
964268563	3.1959092361776926E-4
072322135	3.1959092361776926E-4
858651221	3.1959092361776926E-4
101342042	3.1959092361776926E-4
028800210	3.1959092361776926E-4
014402785	3.1959092361776926E-4
056026028	3.1959092361776926E-4
076606479	3.1959092361776926E-4
079077078	3.1959092361776926E-4
654140246	3.1959092361776926E-4
078082740	3.1959092361776926E-4
778382160	3.1959092361776926E-4
066497761	3.1959092361776926E-4
964318646	3.1959092361776926E-4
075346452	3.1959092361776926E-4
