123	0.2627519
101	0.03853112
143	0.02486952
666	0.01836102
100	0.01809070
007	0.01461812
420	0.01258032
111	0.009856314
777	0.009107733
321	0.008733443
456	0.006321349
182	0.006238173
911	0.005967853
333	0.005697532
001	0.00559356
555	0.00559356
619	0.005177684
999	0.004865775
247	0.004283546
121	0.004179576
213	0.004034019
222	0.003909255
000	0.003670125
360	0.003670125
112	0.003576553
200	0.003514171
789	0.003368614
888	0.003243850
214	0.003202262
159	0.003202262
786	0.003077499
125	0.002973529
305	0.002869560
234	0.002869560
808	0.002807178
411	0.002703209
316	0.002640827
187	0.002599239
102	0.002412094
711	0.002287330
147	0.002231880
500	0.002231880
311	0.002231880
124	0.002204155
210	0.002204155
120	0.002155636
369	0.002155636
313	0.002155636
300	0.002058597
012	0.001996216
310	0.001975422
135	0.001975422
987	0.001954628
212	0.001954628
323	0.001933834
117	0.001933834
520	0.001913040
312	0.001871452
510	0.001829864
345	0.001829864
215	0.001767482
713	0.001767482
246	0.001725895
122	0.001684307
132	0.001642719
003	0.001621925
002	0.001559543
415	0.001559543
106	0.001538749
108	0.001538749
103	0.001517956
718	0.001517956
105	0.001497162
413	0.001497162
202	0.001497162
626	0.001476368
224	0.001476368
104	0.001455574
113	0.001455574
567	0.001434780
009	0.001413986
818	0.001393192
812	0.001393192
209	0.001393192
128	0.001372398
109	0.001372398
008	0.001372398
126	0.001372398
504	0.001351604
110	0.001351604
444	0.001330810
357	0.001330810
600	0.001310016
145	0.001310016
010	0.001289223
225	0.001289223
115	0.001268429
318	0.001247635
512	0.001247635
127	0.001226841
006	0.001226841
521	0.001226841
211	0.001226841
129	0.001226841
131	0.001206047
714	0.001206047
114	0.001206047
231	0.001185253
227	0.001185253
107	0.001185253
400	0.001185253
314	0.001185253
250	0.001164459
910	0.001164459
900	0.001164459
199	0.001164459
150	0.001164459
258	0.001164459
916	0.001143665
011	0.001143665
098	0.001143665
223	0.001143665
221	0.001143665
216	0.001122871
831	0.001122871
201	0.001102077
408	0.001102077
324	0.001081283
678	0.001081283
723	0.001060489
421	0.001060489
700	0.001060489
325	0.001060489
116	0.001060489
119	0.001060489
206	0.001060489
134	0.001039696
319	0.001039696
515	0.001039696
118	0.001039696
023	0.001039696
013	0.001018902
315	0.000998108
320	0.000998108
317	0.000977314
530	0.000977314
130	0.000977314
951	0.000956520
422	0.000956520
610	0.000935726
412	0.000935726
617	0.000935726
218	0.000914932
254	0.000914932
219	0.000914932
414	0.000914932
516	0.000914932
800	0.000914932
423	0.000914932
410	0.000914932
330	0.000914932
424	0.000914932
156	0.000894138
707	0.000894138
721	0.000894138
207	0.000894138
005	0.000894138
133	0.0008733441
712	0.0008733441
203	0.0008733441
501	0.0008733441
205	0.0008733441
180	0.0008733441
823	0.0008733441
217	0.0008733441
137	0.0008733441
511	0.0008525502
220	0.0008525502
909	0.0008525502
727	0.0008525502
890	0.0008525502
427	0.0008317563
612	0.0008317563
505	0.0008317563
303	0.0008317563
450	0.0008317563
328	0.0008317563
171	0.0008317563
014	0.0008109627
015	0.0008109627
191	0.0008109627
815	0.0007901688
331	0.0007901688
817	0.0007901688
226	0.0007901688
153	0.0007901688
753	0.0007693743
350	0.0007693743
228	0.0007693743
419	0.0007693743
269	0.0007693743
240	0.0007693743
168	0.0007693743
741	0.0007693743
525	0.0007693743
805	0.0007693743
514	0.0007693743
912	0.0007693743
513	0.0007693743
852	0.0007693743
527	0.000748581
813	0.000748581
142	0.000748581
925	0.000748581
724	0.000748581
141	0.000748581
720	0.000727787
622	0.000727787
235	0.000727787
810	0.000727787
601	0.000727787
069	0.000727787
021	0.000727787
144	0.000727787
429	0.000706993
921	0.000706993
322	0.000706993
233	0.000706993
915	0.000706993
821	0.000706993
017	0.000706993
822	0.000706993
152	0.000706993
326	0.000706993
618	0.000706993
523	0.000706993
611	0.000706993
232	0.000686199
725	0.000686199
623	0.000686199
816	0.000686199
616	0.000686199
922	0.000686199
614	0.000686199
963	0.000686199
242	0.000686199
151	0.000686199
404	0.000665405
650	0.000665405
522	0.000665405
016	0.000665405
181	0.000665405
416	0.000665405
160	0.0006446112
417	0.0006446112
426	0.0006446112
927	0.0006446112
365	0.0006446112
138	0.0006446112
913	0.0006446112
308	0.0006446112
517	0.0006446112
671	0.0006446112
613	0.0006446112
027	0.0006446112
018	0.0006446112
809	0.0006446112
407	0.0006446112
148	0.0006446112
561	0.0006238171
524	0.0006238171
252	0.0006238171
189	0.0006238171
198	0.0006238171
024	0.0006238171
195	0.0006238171
731	0.0006238171
281	0.0006238171
253	0.0006238171
004	0.0006238171
654	0.0006238171
428	0.0006238171
620	0.0006238171
928	0.0006238171
425	0.0006238171
251	0.0006238171
192	0.0006030231
637	0.0006030231
193	0.0006030231
327	0.0006030231
930	0.0006030231
239	0.0006030231
149	0.0006030231
825	0.0006030231
628	0.0006030231
717	0.0006030231
196	0.0006030231
904	0.0006030231
624	0.00058223
926	0.00058223
140	0.00058223
405	0.00058223
019	0.00058223
229	0.00058223
432	0.00058223
347	0.00058223
924	0.00058223
702	0.00058223
503	0.00058223
204	0.00058223
245	0.00058223
901	0.00058223
177	0.00058223
154	0.00058223
710	0.00058223
355	0.00058223
914	0.00058223
169	0.0005614359
747	0.0005614359
307	0.0005614359
255	0.0005614359
241	0.0005614359
615	0.0005614359
157	0.0005614359
518	0.0005614359
923	0.0005614359
329	0.0005614359
208	0.0005614359
715	0.0005614359
528	0.0005614359
334	0.0005614359
954	0.0005614359
811	0.0005614359
183	0.0005614359
929	0.0005406419
529	0.0005406419
625	0.0005406419
728	0.0005406419
136	0.0005406419
827	0.0005406419
562	0.0005406419
820	0.0005406419
174	0.0005406419
256	0.0005406419
309	0.0005406419
826	0.0005406419
238	0.0005406419
609	0.0005406419
188	0.0005406419
559	0.0005406419
918	0.0005406419
824	0.0005406419
729	0.000519848
828	0.000519848
719	0.000519848
139	0.000519848
262	0.000519848
814	0.000519848
454	0.000519848
401	0.000519848
430	0.000519848
146	0.000519848
243	0.000519848
543	0.000519848
302	0.000519848
386	0.000519848
978	0.000519848
602	0.000519848
301	0.000519848
170	0.000499054
306	0.000499054
606	0.000499054
730	0.000499054
876	0.000499054
829	0.000499054
409	0.000499054
259	0.000499054
757	0.000499054
161	0.000499054
022	0.000499054
696	0.000478260
418	0.000478260
919	0.000478260
402	0.000478260
166	0.000478260
304	0.000478260
289	0.000478260
920	0.000478260
726	0.000478260
337	0.000478260
299	0.000478260
508	0.000478260
621	0.000478260
267	0.000478260
502	0.000478260
704	0.000478260
343	0.000478260
565	0.000478260
336	0.000478260
480	0.000457466
070	0.000457466
991	0.000457466
197	0.000457466
031	0.000457466
989	0.000457466
531	0.000457466
526	0.000457466
186	0.000457466
173	0.000457466
787	0.000457466
190	0.000457466
158	0.000457466
077	0.000457466
185	0.000457466
275	0.000457466
155	0.000457466
290	0.000457466
244	0.000457466
556	0.000436672
406	0.000436672
804	0.000436672
175	0.000436672
722	0.000436672
287	0.000436672
540	0.000436672
519	0.000436672
627	0.000436672
277	0.000436672
279	0.000436672
162	0.000436672
917	0.000436672
801	0.000436672
163	0.000436672
167	0.000436672
440	0.000436672
973	0.0004158781
992	0.0004158781
691	0.0004158781
703	0.0004158781
026	0.0004158781
545	0.0004158781
179	0.0004158781
288	0.0004158781
642	0.0004158781
352	0.0004158781
716	0.0004158781
178	0.0004158781
165	0.0003950841
248	0.0003950841
164	0.0003950841
903	0.0003950841
020	0.0003950841
361	0.0003950841
630	0.0003950841
701	0.0003950841
998	0.0003950841
381	0.0003950841
263	0.0003950841
257	0.0003950841
575	0.0003950841
506	0.0003950841
028	0.0003950841
025	0.0003950841
996	0.0003950841
956	0.0003950841
442	0.0003742901
283	0.0003742901
902	0.0003742901
985	0.0003742901
184	0.0003742901
908	0.0003742901
604	0.0003742901
465	0.0003742901
268	0.0003742901
479	0.0003742901
044	0.0003742901
091	0.0003742901
656	0.0003742901
453	0.0003742901
236	0.0003742901
993	0.0003742901
756	0.0003742901
819	0.0003742901
489	0.0003742901
830	0.0003534961
765	0.0003534961
371	0.0003534961
647	0.0003534961
995	0.0003534961
367	0.0003534961
261	0.0003534961
760	0.0003534961
645	0.0003534961
636	0.0003534961
732	0.0003534961
363	0.0003534961
773	0.0003534961
266	0.0003534961
237	0.0003534961
278	0.0003534961
535	0.0003534961
875	0.0003534961
403	0.0003534961
592	0.0003534961
569	0.0003534961
593	0.0003327029
550	0.0003327029
585	0.0003327029
482	0.0003327029
356	0.0003327029
878	0.0003327029
388	0.0003327029
806	0.0003327029
335	0.0003327029
990	0.0003327029
172	0.0003327029
478	0.0003327029
969	0.0003327029
353	0.0003327029
295	0.0003327029
972	0.0003327029
341	0.0003327029
893	0.0003327029
803	0.0003327029
782	0.0003327029
759	0.0003327029
863	0.0003327029
984	0.0003327029
176	0.0003327029
534	0.0003327029
745	0.0003327029
294	0.0003119093
230	0.0003119093
459	0.0003119093
033	0.0003119093
907	0.0003119093
880	0.0003119093
560	0.0003119093
292	0.0003119093
742	0.0003119093
039	0.0003119093
675	0.0003119093
285	0.0003119093
733	0.0003119093
260	0.0003119093
905	0.0003119093
282	0.0003119093
378	0.0003119093
344	0.0003119093
661	0.0003119093
994	0.0003119093
584	0.0003119093
249	0.0003119093
532	0.0003119093
997	0.0003119093
338	0.0003119093
564	0.0003119093
390	0.0003119093
889	0.0003119093
488	0.0003119093
662	0.0003119093
274	0.0003119093
089	0.0003119093
589	0.0003119093
887	0.0003119093
284	0.0003119093
536	0.0003119093
434	0.0003119093
749	0.0003119093
445	0.0003119093
672	0.0003119093
349	0.0003119093
653	0.0002911149
385	0.0002911149
802	0.0002911149
879	0.0002911149
775	0.0002911149
466	0.0002911149
032	0.0002911149
603	0.0002911149
271	0.0002911149
087	0.0002911149
632	0.0002911149
050	0.0002911149
029	0.0002911149
631	0.0002911149
492	0.0002911149
507	0.0002911149
843	0.0002911149
865	0.0002911149
898	0.0002911149
342	0.0002911149
895	0.0002911149
359	0.0002911149
605	0.0002911149
080	0.0002911149
264	0.0002911149
689	0.0002911149
464	0.0002911149
633	0.0002911149
373	0.0002911149
860	0.0002911149
699	0.0002911149
797	0.0002911149
468	0.0002911149
629	0.0002911149
541	0.0002911149
982	0.0002703209
785	0.0002703209
461	0.0002703209
571	0.0002703209
988	0.0002703209
780	0.0002703209
509	0.0002703209
681	0.0002703209
734	0.0002703209
580	0.0002703209
554	0.0002703209
788	0.0002703209
971	0.0002703209
194	0.0002703209
291	0.0002703209
563	0.0002703209
977	0.0002703209
607	0.0002703209
676	0.0002703209
639	0.0002703209
396	0.0002703209
354	0.0002703209
037	0.0002703209
794	0.0002703209
708	0.0002703209
280	0.0002703209
498	0.0002703209
634	0.0002703209
599	0.0002703209
598	0.0002703209
436	0.0002703209
485	0.0002703209
293	0.0002703209
705	0.0002703209
690	0.0002703209
469	0.0002703209
688	0.0002703209
376	0.0002703209
841	0.0002703209
368	0.0002703209
076	0.0002703209
086	0.0002703209
779	0.0002703209
051	0.0002703209
783	0.0002495275
374	0.0002495275
594	0.0002495275
833	0.0002495275
397	0.0002495275
399	0.0002495275
387	0.0002495275
054	0.0002495275
375	0.0002495275
858	0.0002495275
379	0.0002495275
766	0.0002495275
590	0.0002495275
473	0.0002495275
936	0.0002495275
646	0.0002495275
939	0.0002495275
884	0.0002495275
393	0.0002495275
781	0.0002495275
475	0.0002495275
085	0.0002495275
066	0.0002495275
435	0.0002495275
896	0.0002495275
090	0.0002495275
339	0.0002495275
497	0.0002495275
980	0.0002495275
366	0.0002495275
798	0.0002495275
906	0.0002495275
351	0.0002495275
669	0.0002495275
265	0.0002495275
667	0.0002495275
737	0.0002495275
055	0.0002495275
641	0.0002495275
096	0.0002495275
595	0.0002495275
850	0.0002495275
941	0.0002495275
553	0.0002495275
772	0.0002495275
097	0.0002495275
045	0.0002495275
061	0.0002495275
452	0.0002287328
685	0.0002287328
092	0.0002287328
551	0.0002287328
981	0.0002287328
660	0.0002287328
474	0.0002287328
286	0.0002287328
566	0.0002287328
451	0.0002287328
546	0.0002287328
391	0.0002287328
394	0.0002287328
857	0.0002287328
072	0.0002287328
447	0.0002287328
384	0.0002287328
332	0.0002287328
298	0.0002287328
947	0.0002287328
574	0.0002287328
437	0.0002287328
862	0.0002287328
894	0.0002287328
481	0.0002287328
041	0.0002287328
470	0.0002287328
692	0.0002287328
273	0.0002287328
885	0.0002287328
738	0.0002287328
448	0.0002287328
966	0.0002287328
750	0.0002287328
443	0.0002287328
684	0.0002287328
558	0.0002287328
276	0.0002287328
665	0.0002287328
949	0.0002287328
608	0.0002287328
533	0.0002287328
764	0.0002287328
944	0.0002287328
953	0.0002287328
455	0.0002287328
493	0.0002079391
577	0.0002079391
588	0.0002079391
547	0.0002079391
754	0.0002079391
743	0.0002079391
948	0.0002079391
052	0.0002079391
679	0.0002079391
673	0.0002079391
392	0.0002079391
959	0.0002079391
892	0.0002079391
270	0.0002079391
856	0.0002079391
957	0.0002079391
697	0.0002079391
770	0.0002079391
346	0.0002079391
864	0.0002079391
472	0.0002079391
886	0.0002079391
677	0.0002079391
899	0.0002079391
487	0.0002079391
832	0.0002079391
364	0.0002079391
093	0.0002079391
471	0.0002079391
060	0.0002079391
537	0.0002079391
844	0.0002079391
548	0.0002079391
652	0.0002079391
272	0.0002079391
075	0.0002079391
680	0.0002079391
579	0.0002079391
067	0.0002079391
964	0.0002079391
871	0.0002079391
053	0.0002079391
706	0.0002079391
544	0.0002079391
582	0.0002079391
796	0.0002079391
457	0.0002079391
099	0.0002079391
056	0.0002079391
297	0.0002079391
441	0.0002079391
776	0.0002079391
866	0.0002079391
640	0.0002079391
740	0.0001871451
490	0.0001871451
035	0.0001871451
578	0.0001871451
771	0.0001871451
370	0.0001871451
836	0.0001871451
082	0.0001871451
494	0.0001871451
549	0.0001871451
583	0.0001871451
709	0.0001871451
486	0.0001871451
695	0.0001871451
870	0.0001871451
034	0.0001871451
657	0.0001871451
983	0.0001871451
340	0.0001871451
458	0.0001871451
484	0.0001871451
970	0.0001871451
573	0.0001871451
596	0.0001871451
586	0.0001871451
807	0.0001871451
931	0.0001871451
846	0.0001871451
463	0.0001871451
693	0.0001871451
670	0.0001871451
746	0.0001871451
975	0.0001871451
848	0.0001871451
064	0.0001871451
668	0.0001871451
940	0.0001871451
945	0.0001871451
439	0.0001871451
462	0.0001871451
967	0.0001871451
979	0.0001871451
040	0.0001871451
854	0.0001871451
762	0.0001871451
744	0.0001871451
078	0.0001871451
974	0.0001871451
855	0.0001871451
477	0.0001871451
587	0.0001871451
433	0.0001871451
071	0.0001871451
557	0.0001871451
079	0.0001871451
030	0.0001663511
938	0.0001663511
881	0.0001663511
083	0.0001663511
763	0.0001663511
467	0.0001663511
389	0.0001663511
538	0.0001663511
431	0.0001663511
768	0.0001663511
358	0.0001663511
682	0.0001663511
663	0.0001663511
491	0.0001663511
084	0.0001663511
861	0.0001663511
380	0.0001663511
038	0.0001663511
495	0.0001663511
883	0.0001663511
958	0.0001663511
882	0.0001663511
296	0.0001663511
950	0.0001663511
094	0.0001663511
897	0.0001663511
845	0.0001663511
591	0.0001663511
496	0.0001663511
868	0.0001663511
043	0.0001663511
568	0.0001663511
036	0.0001663511
483	0.0001455571
449	0.0001455571
638	0.0001455571
767	0.0001455571
570	0.0001455571
095	0.0001455571
655	0.0001455571
847	0.0001455571
791	0.0001455571
057	0.0001455571
840	0.0001455571
382	0.0001455571
674	0.0001455571
059	0.0001455571
859	0.0001455571
552	0.0001455571
597	0.0001455571
960	0.0001455571
739	0.0001455571
838	0.0001455571
955	0.0001455571
869	0.0001455571
372	0.0001455571
735	0.0001455571
383	0.0001455571
643	0.0001455571
539	0.0001455571
651	0.0001455571
065	0.0001455571
659	0.0001455571
968	0.0001455571
042	0.0001455571
778	0.0001455571
088	0.0001455571
761	0.0001455571
377	0.0001455571
683	0.0001455571
460	0.0001455571
664	0.0001455571
758	0.0001455571
395	0.0001455571
694	0.0001455571
752	0.0001247639
736	0.0001247639
795	0.0001247639
793	0.0001247639
686	0.0001247639
542	0.0001247639
961	0.0001247639
687	0.0001247639
476	0.0001247639
748	0.0001247639
499	0.0001247639
047	0.0001247639
932	0.0001247639
755	0.0001247639
062	0.0001247639
934	0.0001247639
644	0.0001247639
872	0.0001247639
790	0.0001247639
063	0.0001247639
933	0.0001247639
081	0.0001247639
658	0.0001247639
576	0.0001247639
935	0.0001247639
952	0.0001247639
648	0.0001247639
942	0.0001247639
362	0.0001247639
049	0.0001247639
946	0.0001247639
635	0.0001039698
986	0.0001039698
849	0.0001039698
398	0.0001039698
962	0.0001039698
799	0.0001039698
074	0.0001039698
874	0.0001039698
774	0.0001039698
784	0.0001039698
581	0.0001039698
976	0.0001039698
853	0.0001039698
068	0.0001039698
834	0.0001039698
867	0.0001039698
048	0.00008317569
438	0.00008317569
943	0.00008317569
446	0.00008317569
348	0.00008317569
965	0.00008317569
792	0.00008317569
839	0.00008317569
046	0.00008317569
649	0.00008317569
769	0.00008317569
851	0.00008317569
837	0.00008317569
877	0.00008317569
835	0.00008317569
891	0.00008317569
842	0.00006238171
873	0.00006238171
698	0.00006238171
058	0.00006238171
937	0.00006238171
073	0.00006238171
572	0.00006238171
751	0.00004158782
