1234567891011	0.003064351
1409900472157	0.002042901
1909800515747	0.001021450
1100701592831	0.001021450
0299731854319	0.001021450
1529900537223	0.001021450
6256013617585	0.001021450
3100901174517	0.001021450
0607772363718	0.001021450
1509901268722	0.001021450
0000000159863	0.001021450
3510600715680	0.001021450
0809103799878	0.001021450
1930500128685	0.001021450
1420900118151	0.001021450
3129900250901	0.001021450
1659900309335	0.001021450
1518199000057	0.001021450
1801000034331	0.001021450
1709800172175	0.001021450
0100244455896	0.001021450
1350400086561	0.001021450
7475700030111	0.001021450
1579900315981	0.001021450
1410600258283	0.001021450
0919428683823	0.001021450
1170600059208	0.001021450
1790613243683	0.001021450
0859774312123	0.001021450
1940500063397	0.001021450
1670800100011	0.001021450
2870906520463	0.001021450
1220400128931	0.001021450
1310600212471	0.001021450
1101400588038	0.001021450
3339996662345	0.001021450
1101800560602	0.001021450
0635787001505	0.001021450
0123833098123	0.001021450
1459900182485	0.001021450
0318199000098	0.001021450
2129900020231	0.001021450
1230200051101	0.001021450
1101500686121	0.001021450
1770400091323	0.001021450
1101200298877	0.001021450
3420100273662	0.001021450
1659900499169	0.001021450
1509900515483	0.001021450
0905829303555	0.001021450
1409900525030	0.001021450
1100200651011	0.001021450
1452365475689	0.001021450
1209700199271	0.001021450
3730600175535	0.001021450
1600100473353	0.001021450
1659900337321	0.001021450
1219800034923	0.001021450
1094865273000	0.001021450
3760600141975	0.001021450
2049719600199	0.001021450
7708801314520	0.001021450
9815125349009	0.001021450
1100400504348	0.001021450
1835879432476	0.001021450
7855253525587	0.001021450
1851204134154	0.001021450
2140300017656	0.001021450
7501000222612	0.001021450
2609900016603	0.001021450
0834612986101	0.001021450
1361000091908	0.001021450
1240400006711	0.001021450
1101800524509	0.001021450
1984098716647	0.001021450
1670800108593	0.001021450
1509900478804	0.001021450
1234561593692	0.001021450
4003970002008	0.001021450
1003985742033	0.001021450
1100700785199	0.001021450
1809700016944	0.001021450
9700231073011	0.001021450
4710122518037	0.001021450
1822201994786	0.001021450
0446862101366	0.001021450
1600100366735	0.001021450
0010200139750	0.001021450
2285328832007	0.001021450
1570200057867	0.001021450
2712345678927	0.001021450
1100200826350	0.001021450
2751992041689	0.001021450
3670500458048	0.001021450
1480700097788	0.001021450
1620100139887	0.001021450
3101202822626	0.001021450
1939900303784	0.001021450
1779900171022	0.001021450
0446862108607	0.001021450
0789586057423	0.001021450
1549900181976	0.001021450
1530100058128	0.001021450
2239608741010	0.001021450
1493315413118	0.001021450
1878088377007	0.001021450
1839900209860	0.001021450
3310800007214	0.001021450
2509916289063	0.001021450
1234569697116	0.001021450
1480100116544	0.001021450
1597532584560	0.001021450
1659900296969	0.001021450
1460700105501	0.001021450
1023015234456	0.001021450
1669900216205	0.001021450
1704198700139	0.001021450
1439900112444	0.001021450
1800400159768	0.001021450
1505014030677	0.001021450
1840100232672	0.001021450
0522402001532	0.001021450
1440800147469	0.001021450
1100500614633	0.001021450
1509900400457	0.001021450
0553813853536	0.001021450
1730500099113	0.001021450
1570500154841	0.001021450
1320900189091	0.001021450
6991421481536	0.001021450
0017203099297	0.001021450
1340300060942	0.001021450
2048187595362	0.001021450
3550700068333	0.001021450
1760100058754	0.001021450
2308671993255	0.001021450
1025909381192	0.001021450
1860104440012	0.001021450
1190900047671	0.001021450
3294562375143	0.001021450
1357911246810	0.001021450
8419895772671	0.001021450
2649505010118	0.001021450
2055048231791	0.001021450
2157707856210	0.001021450
1640100148070	0.001021450
5607380110107	0.001021450
3260300080193	0.001021450
1234567891234	0.001021450
1459900113858	0.001021450
0445541767238	0.001021450
3330800655151	0.001021450
1103700706194	0.001021450
1670700017189	0.001021450
9905910200308	0.001021450
3989827618020	0.001021450
1859900082827	0.001021450
0008000386387	0.001021450
1997123456789	0.001021450
1949900107322	0.001021450
0099577790309	0.001021450
0445522484741	0.001021450
1490300045942	0.001021450
4090907910005	0.001021450
8818711143900	0.001021450
1329900146307	0.001021450
1150837515941	0.001021450
2850828211196	0.001021450
1729800085451	0.001021450
3358507302010	0.001021450
5759525759525	0.001021450
1229900460339	0.001021450
1101401182370	0.001021450
1411200209235	0.001021450
0056231069123	0.001021450
0555706232806	0.001021450
1101401518645	0.001021450
1357071202646	0.001021450
1120600185122	0.001021450
1840200003594	0.001021450
2510989745080	0.001021450
1961100044001	0.001021450
1982078591226	0.001021450
1450700137925	0.001021450
1341600153521	0.001021450
5555667889183	0.001021450
3119900438853	0.001021450
0302993455020	0.001021450
0402982681646	0.001021450
1159900156860	0.001021450
9132842209284	0.001021450
5009090001040	0.001021450
1940200052306	0.001021450
1570700129280	0.001021450
1350100150999	0.001021450
1100200790797	0.001021450
1890225047799	0.001021450
1100800012141	0.001021450
0034600050419	0.001021450
1330500192249	0.001021450
1330500065506	0.001021450
1103700960261	0.001021450
1100600232287	0.001021450
1430200102952	0.001021450
1550500066462	0.001021450
1361400002899	0.001021450
1100800111335	0.001021450
3341000366041	0.001021450
1850727055099	0.001021450
1639800106165	0.001021450
1929900179145	0.001021450
5555555555555	0.001021450
3360200457464	0.001021450
2195726166587	0.001021450
1502978439011	0.001021450
9117756628103	0.001021450
0049174785430	0.001021450
1403197100014	0.001021450
1340700076072	0.001021450
9512047880104	0.001021450
1570300107394	0.001021450
1361200100323	0.001021450
1640100235363	0.001021450
1549900105251	0.001021450
1510400019942	0.001021450
3043506335489	0.001021450
1420800050988	0.001021450
0039040224139	0.001021450
1520800074916	0.001021450
2939900008187	0.001021450
1839900262247	0.001021450
1869800052012	0.001021450
1103701040653	0.001021450
0092544630860	0.001021450
4101200007753	0.001021450
0781757223169	0.001021450
0313115224136	0.001021450
1340500145968	0.001021450
2672374158293	0.001021450
1101401530084	0.001021450
0124890647011	0.001021450
1230843710719	0.001021450
1549900224963	0.001021450
7501048782031	0.001021450
0018844754476	0.001021450
1239900003931	0.001021450
1589951274631	0.001021450
1659900230267	0.001021450
5441290385842	0.001021450
0901992710206	0.001021450
1199900065031	0.001021450
1104621041122	0.001021450
1579900431361	0.001021450
1859900144211	0.001021450
1200100419123	0.001021450
1339900142590	0.001021450
2560100025210	0.001021450
0094777379086	0.001021450
0445520665577	0.001021450
8008993300417	0.001021450
2949225100420	0.001021450
1100400549023	0.001021450
1200100353947	0.001021450
1670800127733	0.001021450
9506051370123	0.001021450
1549900158761	0.001021450
1571100087919	0.001021450
1510100243577	0.001021450
0390110210896	0.001021450
2105019326987	0.001021450
1209400005683	0.001021450
0426893246500	0.001021450
9210326125456	0.001021450
1639900112264	0.001021450
1639800053410	0.001021450
1539900355354	0.001021450
0927956631405	0.001021450
1559900164893	0.001021450
4545522241068	0.001021450
1232002054321	0.001021450
5991321927854	0.001021450
1320100113171	0.001021450
1571100066270	0.001021450
5101520253035	0.001021450
1730112282201	0.001021450
1250400272691	0.001021450
1100501010634	0.001021450
3540400005981	0.001021450
1409900026297	0.001021450
1320500038223	0.001021450
1770300043386	0.001021450
0546494375400	0.001021450
1101402032860	0.001021450
1550900045501	0.001021450
0241059576224	0.001021450
3691119812345	0.001021450
7321927345948	0.001021450
1469900056293	0.001021450
2860926350071	0.001021450
2841210134195	0.001021450
1549900030315	0.001021450
1900400034689	0.001021450
1100701822772	0.001021450
1119900005055	0.001021450
5620100184653	0.001021450
1103000083268	0.001021450
1930800064097	0.001021450
1473694561230	0.001021450
9158763360347	0.001021450
5108865405006	0.001021450
1430200099447	0.001021450
1101400914725	0.001021450
1111111111111	0.001021450
1840100318291	0.001021450
1100500484357	0.001021450
1471600013516	0.001021450
2920727090033	0.001021450
1100600002923	0.001021450
9786835551106	0.001021450
3172517258317	0.001021450
1209700067340	0.001021450
1101400138831	0.001021450
1411200187576	0.001021450
0120344082011	0.001021450
1720500066193	0.001021450
1650100085787	0.001021450
1103701320079	0.001021450
1801400095728	0.001021450
1199600041013	0.001021450
4010101108293	0.001021450
1460700184931	0.001021450
0445520136508	0.001021450
1160100467909	0.001021450
1320100051141	0.001021450
1770400141681	0.001021450
3801200741568	0.001021450
0097339238274	0.001021450
2508894221008	0.001021450
1451000149328	0.001021450
2906199120423	0.001021450
0034663788832	0.001021450
1160100340072	0.001021450
1910222260047	0.001021450
5101099001218	0.001021450
1710994599999	0.001021450
1199900286283	0.001021450
1102700412386	0.001021450
0175803799017	0.001021450
0915640891603	0.001021450
4876954337625	0.001021450
1293228112539	0.001021450
1103700597212	0.001021450
1810200043405	0.001021450
1639900054141	0.001021450
1654654984984	0.001021450
0445529617836	0.001021450
4862714557399	0.001021450
1002199695349	0.001021450
3101000485475	0.001021450
1560100260661	0.001021450
2782534175215	0.001021450
1479900076600	0.001021450
1600100465717	0.001021450
3102100181673	0.001021450
1103700347399	0.001021450
1570500005218	0.001021450
3800400621697	0.001021450
3411800442131	0.001021450
0219994402253	0.001021450
1571100051353	0.001021450
0921580529246	0.001021450
1119900295941	0.001021450
1571200040493	0.001021450
1986065136322	0.001021450
4084822010109	0.001021450
1100200928519	0.001021450
1380225348900	0.001021450
1419900283630	0.001021450
1349900159344	0.001021450
1430300109185	0.001021450
1250400221779	0.001021450
1360700046963	0.001021450
1230987654321	0.001021450
2134922010250	0.001021450
1234567894321	0.001021450
3220600059041	0.001021450
1310600138882	0.001021450
1251200048772	0.001021450
0527961475052	0.001021450
0445532749595	0.001021450
1640900054193	0.001021450
1450800077568	0.001021450
1100800804667	0.001021450
1300300064654	0.001021450
1103701120291	0.001021450
5770300042145	0.001021450
2900326375484	0.001021450
3310100712446	0.001021450
1450300047856	0.001021450
1730400045534	0.001021450
1309900636789	0.001021450
1330300167917	0.001021450
1103701757957	0.001021450
3051470124578	0.001021450
5371634143637	0.001021450
1566105596260	0.001021450
1411400091611	0.001021450
1579900222966	0.001021450
1660100092210	0.001021450
0445521405710	0.001021450
1570500100415	0.001021450
0823839791007	0.001021450
8030929897329	0.001021450
1320800048640	0.001021450
1140300046801	0.001021450
1000108705418	0.001021450
2607978306828	0.001021450
1539900013135	0.001021450
1569900412692	0.001021450
2033263359579	0.001021450
9574862220011	0.001021450
3800700356107	0.001021450
1464845201314	0.001021450
1529900384532	0.001021450
0126091655403	0.001021450
2712951712950	0.001021450
1100800352863	0.001021450
0033622507121	0.001021450
2921002055114	0.001021450
1709700073566	0.001021450
1101401231265	0.001021450
1103700139401	0.001021450
1840100083201	0.001021450
1959900238371	0.001021450
1720500064336	0.001021450
1102001577203	0.001021450
1361200164666	0.001021450
1919900082290	0.001021450
1409901040714	0.001021450
1610600125176	0.001021450
1103100053912	0.001021450
1100700668786	0.001021450
1209700511185	0.001021450
2880426420179	0.001021450
2602826028599	0.001021450
1499900019101	0.001021450
1589900061229	0.001021450
0445514680554	0.001021450
1409900090181	0.001021450
1500700109866	0.001021450
1102500003598	0.001021450
1409900584681	0.001021450
1640700070055	0.001021450
0890875414112	0.001021450
1501600095287	0.001021450
0500107967197	0.001021450
2950423384961	0.001021450
2103090944126	0.001021450
1250200149497	0.001021450
1840200108469	0.001021450
1650300056756	0.001021450
1309900646521	0.001021450
1120600172381	0.001021450
1210500061463	0.001021450
1909800608664	0.001021450
1719900234377	0.001021450
1349900376256	0.001021450
1160100300267	0.001021450
1459900143200	0.001021450
1100701210289	0.001021450
1100400511247	0.001021450
1234567890123	0.001021450
0096659081848	0.001021450
6962700040691	0.001021450
5570700116008	0.001021450
3720500465701	0.001021450
1100500420952	0.001021450
3400900700956	0.001021450
1499900125473	0.001021450
9565215221917	0.001021450
1103000038130	0.001021450
1709900509724	0.001021450
1102001526234	0.001021450
1670400101770	0.001021450
1579900315263	0.001021450
1100400378971	0.001021450
1102001683399	0.001021450
1199900291082	0.001021450
0851043337530	0.001021450
2521807661614	0.001021450
1841106313556	0.001021450
1240900039988	0.001021450
1101500361418	0.001021450
4522383229123	0.001021450
3200700402431	0.001021450
0545456250808	0.001021450
1102001707123	0.001021450
1409900857653	0.001021450
3630600207314	0.001021450
1509901520936	0.001021450
1723198691001	0.001021450
1179900111700	0.001021450
1440700015048	0.001021450
1101500799782	0.001021450
1459900177341	0.001021450
0408421334455	0.001021450
5501000124041	0.001021450
3856812205311	0.001021450
0445526337274	0.001021450
3920300108644	0.001021450
5554443331314	0.001021450
1679800130163	0.001021450
0924717415566	0.001021450
1101500536498	0.001021450
1341300086110	0.001021450
1100800658547	0.001021450
0445538811430	0.001021450
1102001688455	0.001021450
2658042652481	0.001021450
3609900621041	0.001021450
1102001273891	0.001021450
8021081930218	0.001021450
1103100223311	0.001021450
0305990335046	0.001021450
3600100536807	0.001021450
1571200032601	0.001021450
1840115030019	0.001021450
5580483831133	0.001021450
1860830191480	0.001021450
1411400137734	0.001021450
1401400044531	0.001021450
2368808290390	0.001021450
3330100237055	0.001021450
1909900295331	0.001021450
1102002063904	0.001021450
1429900074089	0.001021450
2112120070119	0.001021450
1991052205247	0.001021450
1210200040401	0.001021450
1100200396428	0.001021450
1540300098166	0.001021450
2579900001330	0.001021450
1103700779809	0.001021450
1560300035041	0.001021450
1650600107844	0.001021450
0923092668536	0.001021450
0536673161234	0.001021450
1200900122931	0.001021450
1330700112770	0.001021450
1509901117848	0.001021450
3501200275314	0.001021450
1571100089555	0.001021450
9821575963369	0.001021450
1629900030659	0.001021450
1750405431550	0.001021450
1509901394892	0.001021450
1270834746301	0.001021450
6465468786514	0.001021450
3100203543886	0.001021450
1571200036976	0.001021450
1301900053531	0.001021450
1341500188862	0.001021450
1949445621290	0.001021450
2771129030032	0.001021450
1669700074393	0.001021450
1235498621030	0.001021450
2807988489008	0.001021450
1100700680257	0.001021450
1579900472342	0.001021450
1450600138709	0.001021450
1529900556422	0.001021450
1234567896321	0.001021450
1709900752254	0.001021450
1103701367024	0.001021450
1150411260328	0.001021450
1220090320807	0.001021450
1460200069157	0.001021450
1549900135427	0.001021450
1910813410057	0.001021450
1159900190162	0.001021450
1102000342776	0.001021450
1770200080450	0.001021450
1570100405430	0.001021450
1151110020369	0.001021450
1101500443783	0.001021450
0445513053986	0.001021450
1490500089498	0.001021450
0307988455014	0.001021450
1349900397130	0.001021450
0891245773020	0.001021450
1500300077061	0.001021450
1101800278061	0.001021450
1510100224656	0.001021450
0003702560550	0.001021450
1209700455347	0.001021450
1234094349528	0.001021450
3100400420710	0.001021450
1230200052787	0.001021450
1191200002625	0.001021450
1570500153896	0.001021450
1841400012792	0.001021450
1709900232960	0.001021450
1234567654321	0.001021450
0445513997524	0.001021450
8810552210144	0.001021450
1429900090581	0.001021450
1150600099242	0.001021450
1639800017730	0.001021450
1840100062718	0.001021450
3355716342131	0.001021450
1920300068671	0.001021450
0445514209020	0.001021450
1063782990975	0.001021450
1200100598826	0.001021450
9800138962227	0.001021450
1360600161078	0.001021450
1800100015574	0.001021450
1859900160275	0.001021450
1719900187751	0.001021450
5201314919188	0.001021450
1346798521996	0.001021450
1101400215312	0.001021450
1700400121125	0.001021450
1102001369503	0.001021450
1985197693219	0.001021450
1103701288761	0.001021450
8801031757053	0.001021450
1420500016369	0.001021450
1102001064681	0.001021450
2621992621992	0.001021450
3579900271629	0.001021450
1101401464367	0.001021450
1350100227258	0.001021450
1309700071893	0.001021450
2841228324784	0.001021450
1720300061180	0.001021450
2900219360014	0.001021450
0867575442555	0.001021450
1809900402643	0.001021450
1100700526550	0.001021450
1450600201044	0.001021450
1730200245599	0.001021450
1480300122033	0.001021450
1909800457071	0.001021450
1249900013073	0.001021450
1560100212054	0.001021450
1950400039621	0.001021450
1988198820055	0.001021450
0012108830028	0.001021450
0123882540123	0.001021450
1639800107293	0.001021450
1460300174882	0.001021450
1220595843570	0.001021450
1810726061992	0.001021450
1509900572991	0.001021450
1510500040471	0.001021450
3411001079249	0.001021450
0307912850093	0.001021450
0813150173587	0.001021450
1309900756814	0.001021450
2930923324783	0.001021450
9773192021190	0.001021450
1301700185158	0.001021450
0445538475000	0.001021450
1779900118385	0.001021450
1461000112645	0.001021450
1339900335967	0.001021450
1850523324787	0.001021450
1659900506521	0.001021450
1103700711651	0.001021450
2490200016868	0.001021450
1100500969237	0.001021450
1718254281124	0.001021450
0852010134143	0.001021450
3102001642851	0.001021450
1102001242899	0.001021450
1611199225000	0.001021450
9241502218989	0.001021450
1100600370213	0.001021450
1302181419205	0.001021450
1100200689395	0.001021450
1400900165647	0.001021450
1103701522747	0.001021450
1669800201478	0.001021450
1101401452083	0.001021450
1509901252532	0.001021450
1102000786607	0.001021450
1910220124248	0.001021450
0457223959904	0.001021450
0801198606992	0.001021450
1102000713383	0.001021450
3300300055686	0.001021450
1460300120324	0.001021450
9638210532630	0.001021450
1210600031914	0.001021450
1219900432191	0.001021450
1501600080051	0.001021450
1981171751814	0.001021450
0890738947555	0.001021450
1234567892530	0.001021450
1840100140905	0.001021450
1640700067569	0.001021450
8095465690829	0.001021450
1449900125104	0.001021450
0445525445091	0.001021450
1309900867209	0.001021450
1929900303971	0.001021450
3491050111129	0.001021450
0040723332732	0.001021450
1619899741088	0.001021450
1987102196245	0.001021450
1731024261488	0.001021450
1110100146586	0.001021450
1342572789456	0.001021450
1729900181575	0.001021450
0591048223482	0.001021450
4108810641510	0.001021450
1410700040999	0.001021450
1451500057538	0.001021450
1560300096210	0.001021450
4471555924773	0.001021450
0155118198489	0.001021450
7843555225566	0.001021450
3107312474717	0.001021450
1739900352833	0.001021450
1559900044383	0.001021450
1499900155330	0.001021450
1409800134993	0.001021450
2930524151631	0.001021450
9329047307945	0.001021450
0091000095829	0.001021450
1101500190281	0.001021450
1950600074722	0.001021450
0113579131313	0.001021450
1509812908103	0.001021450
0106198700328	0.001021450
1189900085920	0.001021450
3210100432827	0.001021450
1100501013153	0.001021450
1509900855217	0.001021450
2011200457785	0.001021450
1100701275747	0.001021450
2448505040120	0.001021450
3209900175746	0.001021450
3180600462424	0.001021450
2412989725037	0.001021450
1749900442999	0.001021450
8546814121275	0.001021450
1330800131458	0.001021450
0096555681995	0.001021450
1560100345925	0.001021450
1169800085111	0.001021450
1609900145898	0.001021450
4720565700635	0.001021450
1801962524298	0.001021450
1101401793972	0.001021450
3180500420533	0.001021450
5571300041974	0.001021450
1459900136327	0.001021450
1250300049109	0.001021450
1639800064322	0.001021450
1101800626310	0.001021450
1100400373316	0.001021450
1230108850083	0.001021450
0357159258654	0.001021450
9638385642006	0.001021450
2335463221194	0.001021450
9339716323793	0.001021450
0148505051299	0.001021450
1719900044861	0.001021450
1160100040524	0.001021450
1217895708570	0.001021450
1101500394421	0.001021450
0954526358741	0.001021450
1100400656784	0.001021450
0273286231986	0.001021450
1234567891995	0.001021450
1100200092801	0.001021450
5876423578452	0.001021450
1101800278346	0.001021450
1860700044371	0.001021450
1103701297590	0.001021450
1509900755166	0.001021450
1149900155120	0.001021450
1100701179888	0.001021450
1411400098763	0.001021450
1470900067912	0.001021450
7130949846259	0.001021450
1459900198560	0.001021450
1230891198792	0.001021450
3501300161001	0.001021450
4810123315116	0.001021450
0103692513100	0.001021450
1490600038895	0.001021450
1539900324327	0.001021450
0501198701537	0.001021450
1629900192811	0.001021450
3101402763283	0.001021450
0901801980159	0.001021450
2840904055103	0.001021450
1200100433517	0.001021450
1510400106497	0.001021450
1619900115166	0.001021450
1102000801142	0.001021450
1419900263400	0.001021450
1100400666500	0.001021450
1929900215095	0.001021450
3540100864422	0.001021450
3740504858825	0.001021450
1770600159681	0.001021450
1612875487410	0.001021450
1900705460043	0.001021450
1409900561362	0.001021450
2801128420064	0.001021450
1101401297231	0.001021450
1550500111620	0.001021450
1100500428627	0.001021450
1781984741987	0.001021450
1101800587110	0.001021450
4961359112073	0.001021450
9135969602004	0.001021450
0012098928753	0.001021450
1459900179328	0.001021450
0816794504191	0.001021450
1309900779091	0.001021450
2839900021290	0.001021450
1361200156264	0.001021450
3120600516745	0.001021450
1100702075482	0.001021450
1100800485961	0.001021450
1100200724379	0.001021450
0445557460239	0.001021450
1709900697903	0.001021450
1460200014166	0.001021450
7531598524560	0.001021450
1129900169295	0.001021450
1101401595232	0.001021450
0411518262534	0.001021450
1250200160920	0.001021450
0000000000000	0.001021450
1189900105530	0.001021450
1212312312121	0.001021450
1100400413181	0.001021450
3101700222981	0.001021450
1209700385554	0.001021450
1369900181366	0.001021450
1850525226781	0.001021450
0910306501913	0.001021450
1101401799547	0.001021450
1419900207321	0.001021450
0101197945010	0.001021450
0017145739156	0.001021450
1520700062380	0.001021450
1319900210935	0.001021450
1639900081407	0.001021450
5684831123456	0.001021450
1300100138115	0.001021450
3110101488517	0.001021450
1310100179652	0.001021450
1103300048220	0.001021450
2468101891988	0.001021450
9235239465603	0.001021450
0445513736631	0.001021450
1100500589434	0.001021450
1420100090405	0.001021450
1102002602937	0.001021450
5185065129243	0.001021450
3240100718356	0.001021450
3490300014008	0.001021450
1100200972879	0.001021450
1100800771246	0.001021450
1969900114094	0.001021450
3469900082347	0.001021450
1540200057506	0.001021450
0520060800039	0.001021450
3410100649301	0.001021450
9101112131415	0.001021450
2046676891100	0.001021450
1101500299712	0.001021450
2319953282428	0.001021450
3649900009800	0.001021450
1119900175180	0.001021450
1211435082485	0.001021450
1559900046122	0.001021450
1480700072629	0.001021450
1015342612430	0.001021450
1151404310542	0.001021450
1559900239117	0.001021450
1103700246452	0.001021450
2708994165003	0.001021450
3100105070807	0.001021450
1610700044763	0.001021450
1549900148537	0.001021450
0915203508085	0.001021450
1760700032403	0.001021450
0511311020590	0.001021450
0916544522544	0.001021450
1430200190266	0.001021450
1365313050066	0.001021450
0836760151555	0.001021450
0501198701666	0.001021450
1369900300730	0.001021450
1430900112047	0.001021450
1319900243426	0.001021450
3220400554707	0.001021450
1551100041773	0.001021450
5285465195735	0.001021450
1679900125030	0.001021450
3820100054665	0.001021450
2881012132854	0.001021450
1659900209870	0.001021450
1309900656844	0.001021450
1101400394110	0.001021450
1250400185004	0.001021450
1459900432660	0.001021450
1239900242871	0.001021450
2601198700232	0.001021450
2725278030405	0.001021450
1650500055150	0.001021450
1619900128535	0.001021450
5749322040297	0.001021450
3760100060241	0.001021450
2740294194247	0.001021450
0444421345057	0.001021450
6836544881989	0.001021450
1330800028690	0.001021450
0910542144816	0.001021450
1159900217401	0.001021450
1101401686076	0.001021450
1103000016080	0.001021450
1015142014236	0.001021450
1103100145167	0.001021450
1560200053161	0.001021450
1560300037248	0.001021450
1101500648555	0.001021450
1800400131359	0.001021450
0445553529172	0.001021450
2527759601990	0.001021450
0390150117536	0.001021450
3102000649428	0.001021450
1425922132910	0.001021450
0920720042350	0.001021450
1419900266999	0.001021450
0446562781109	0.001021450
6230552123123	0.001021450
1100701443313	0.001021450
1133010900532	0.001021450
3101702377079	0.001021450
1909800062700	0.001021450
9876543210123	0.001021450
1459900197237	0.001021450
1841120450091	0.001021450
1820602360047	0.001021450
7777777121095	0.001021450
1529900403103	0.001021450
1629900181797	0.001021450
2520100012614	0.001021450
1101499077189	0.001021450
1100200068871	0.001021450
1950204020089	0.001021450
1810300036885	0.001021450
1100701561359	0.001021450
1920500036951	0.001021450
0445540705131	0.001021450
1431200014311	0.001021450
1102002222395	0.001021450
1220010126394	0.001021450
1929700010813	0.001021450
1309700067373	0.001021450
1850418203221	0.001021450
1550800047722	0.001021450
1985198851985	0.001021450
2172007301180	0.001021450
1234561818565	0.001021450
5201314143342	0.001021450
1329900271900	0.001021450
