123	0.2627573
101	0.03853192
143	0.02487004
666	0.01836141
100	0.01809108
007	0.01463922
420	0.01258058
111	0.009856519
777	0.009107923
321	0.008692036
456	0.006300686
182	0.006238303
911	0.005967977
333	0.005676856
001	0.005614473
555	0.005572884
619	0.005177792
999	0.004845082
247	0.004283635
121	0.004179663
213	0.004034103
222	0.003909337
000	0.003722188
360	0.003659805
112	0.003576627
200	0.003514244
789	0.003368684
888	0.003243918
159	0.003202329
214	0.003202329
786	0.003077563
125	0.002973591
305	0.002869619
234	0.002869619
808	0.002786442
411	0.002703265
316	0.002640882
187	0.002599293
102	0.002412144
711	0.002287378
147	0.002245789
500	0.002224995
311	0.002224995
210	0.002204200
124	0.002204200
369	0.002162612
120	0.002162612
313	0.002141817
300	0.002058640
012	0.001996257
310	0.001975463
135	0.001975463
987	0.001954668
212	0.001954668
117	0.001933874
323	0.001933874
520	0.001913080
312	0.001871491
510	0.001829902
345	0.001829902
713	0.001767519
215	0.001767519
246	0.001725931
122	0.001684342
132	0.001642753
003	0.001621959
108	0.001559576
415	0.001559576
002	0.001559576
106	0.001538781
103	0.001517987
718	0.001517987
626	0.001497193
105	0.001497193
413	0.001497193
202	0.001497193
224	0.001476398
104	0.001455604
113	0.001455604
567	0.001434810
009	0.001414015
818	0.001393221
209	0.001393221
812	0.001393221
109	0.001372427
128	0.001372427
008	0.001372427
126	0.001372427
110	0.001351632
504	0.001351632
357	0.001330838
444	0.001330838
145	0.001310044
600	0.001310044
225	0.001289249
010	0.001289249
115	0.001268455
318	0.001247661
512	0.001247661
211	0.001226866
127	0.001226866
129	0.001226866
006	0.001226866
521	0.001226866
131	0.001206072
714	0.001206072
114	0.001206072
107	0.001185278
231	0.001185278
227	0.001185278
314	0.001185278
400	0.001185278
250	0.001164483
258	0.001164483
910	0.001164483
150	0.001164483
199	0.001164483
900	0.001164483
098	0.001143689
223	0.001143689
221	0.001143689
916	0.001143689
011	0.001143689
831	0.001122895
216	0.001122895
201	0.001102100
408	0.001102100
324	0.001081306
678	0.001081306
206	0.001060512
325	0.001060512
723	0.001060512
700	0.001060512
421	0.001060512
116	0.001060512
119	0.001060512
118	0.001039717
319	0.001039717
515	0.001039717
023	0.001039717
134	0.001039717
013	0.001018923
315	0.0009981285
320	0.0009981285
530	0.0009773342
130	0.0009773342
317	0.0009773342
951	0.0009565398
422	0.0009565398
617	0.0009357455
610	0.0009357455
005	0.0009357455
412	0.0009357455
410	0.0009149511
330	0.0009149511
414	0.0009149511
218	0.0009149511
254	0.0009149511
516	0.0009149511
800	0.0009149511
219	0.0009149511
424	0.0009149511
207	0.0008941568
721	0.0008941568
707	0.0008941568
156	0.0008941568
423	0.0008941568
712	0.0008733624
137	0.0008733624
217	0.0008733624
823	0.0008733624
133	0.0008733624
205	0.0008733624
180	0.0008733624
501	0.0008733624
203	0.0008733624
909	0.0008525681
511	0.0008525681
727	0.0008525681
890	0.0008525681
220	0.0008525681
612	0.0008317738
505	0.0008317738
450	0.0008317738
171	0.0008317738
427	0.0008317738
014	0.0008109794
303	0.0008109794
328	0.0008109794
191	0.0008109794
015	0.0008109794
815	0.0007901851
226	0.0007901851
153	0.0007901851
817	0.0007901851
331	0.0007901851
805	0.0007693907
240	0.0007693907
741	0.0007693907
912	0.0007693907
269	0.0007693907
753	0.0007693907
168	0.0007693907
525	0.0007693907
350	0.0007693907
852	0.0007693907
514	0.0007693907
228	0.0007693907
513	0.0007693907
419	0.0007485964
527	0.0007485964
142	0.0007485964
925	0.0007485964
141	0.0007485964
813	0.0007485964
724	0.0007485964
720	0.0007278020
601	0.0007278020
021	0.0007278020
144	0.0007278020
235	0.0007278020
810	0.0007278020
069	0.0007278020
622	0.0007278020
017	0.0007070077
152	0.0007070077
822	0.0007070077
921	0.0007070077
326	0.0007070077
523	0.0007070077
611	0.0007070077
821	0.0007070077
429	0.0007070077
322	0.0007070077
618	0.0007070077
915	0.0007070077
233	0.0007070077
963	0.0006862133
725	0.0006862133
614	0.0006862133
816	0.0006862133
232	0.0006862133
616	0.0006862133
242	0.0006862133
623	0.0006862133
151	0.0006862133
922	0.0006862133
016	0.0006654190
522	0.0006654190
404	0.0006654190
650	0.0006654190
416	0.0006654190
181	0.0006654190
517	0.0006446247
671	0.0006446247
308	0.0006446247
018	0.0006446247
027	0.0006446247
138	0.0006446247
365	0.0006446247
160	0.0006446247
613	0.0006446247
913	0.0006446247
407	0.0006446247
809	0.0006446247
417	0.0006446247
426	0.0006446247
927	0.0006446247
148	0.0006446247
195	0.0006238303
428	0.0006238303
654	0.0006238303
281	0.0006238303
252	0.0006238303
620	0.0006238303
524	0.0006238303
928	0.0006238303
198	0.0006238303
024	0.0006238303
731	0.0006238303
253	0.0006238303
189	0.0006238303
251	0.0006238303
004	0.0006238303
425	0.0006238303
561	0.0006238303
930	0.0006030360
193	0.0006030360
327	0.0006030360
239	0.0006030360
904	0.0006030360
637	0.0006030360
196	0.0006030360
149	0.0006030360
628	0.0006030360
405	0.0006030360
825	0.0006030360
192	0.0006030360
717	0.0006030360
924	0.0005822416
245	0.0005822416
177	0.0005822416
503	0.0005822416
432	0.0005822416
914	0.0005822416
229	0.0005822416
901	0.0005822416
355	0.0005822416
702	0.0005822416
154	0.0005822416
019	0.0005822416
140	0.0005822416
926	0.0005822416
710	0.0005822416
347	0.0005822416
624	0.0005822416
204	0.0005822416
307	0.0005614473
334	0.0005614473
157	0.0005614473
615	0.0005614473
747	0.0005614473
329	0.0005614473
256	0.0005614473
183	0.0005614473
954	0.0005614473
241	0.0005614473
518	0.0005614473
255	0.0005614473
208	0.0005614473
715	0.0005614473
169	0.0005614473
528	0.0005614473
923	0.0005614473
811	0.0005614473
188	0.0005406529
559	0.0005406529
238	0.0005406529
174	0.0005406529
824	0.0005406529
918	0.0005406529
929	0.0005406529
309	0.0005406529
820	0.0005406529
136	0.0005406529
728	0.0005406529
529	0.0005406529
609	0.0005406529
828	0.0005406529
827	0.0005406529
562	0.0005406529
625	0.0005406529
826	0.0005406529
401	0.0005198586
814	0.0005198586
139	0.0005198586
386	0.0005198586
978	0.0005198586
262	0.0005198586
430	0.0005198586
301	0.0005198586
302	0.0005198586
146	0.0005198586
543	0.0005198586
729	0.0005198586
719	0.0005198586
243	0.0005198586
454	0.0005198586
602	0.0005198586
409	0.0004990643
161	0.0004990643
730	0.0004990643
170	0.0004990643
829	0.0004990643
606	0.0004990643
306	0.0004990643
757	0.0004990643
876	0.0004990643
259	0.0004990643
022	0.0004990643
704	0.0004782699
336	0.0004782699
402	0.0004782699
267	0.0004782699
304	0.0004782699
289	0.0004782699
565	0.0004782699
621	0.0004782699
418	0.0004782699
502	0.0004782699
726	0.0004782699
166	0.0004782699
299	0.0004782699
919	0.0004782699
696	0.0004782699
343	0.0004782699
920	0.0004782699
337	0.0004782699
508	0.0004782699
991	0.0004574756
244	0.0004574756
480	0.0004574756
989	0.0004574756
197	0.0004574756
186	0.0004574756
275	0.0004574756
155	0.0004574756
185	0.0004574756
526	0.0004574756
173	0.0004574756
531	0.0004574756
787	0.0004574756
290	0.0004574756
070	0.0004574756
077	0.0004574756
190	0.0004574756
158	0.0004574756
031	0.0004574756
722	0.0004366812
917	0.0004366812
277	0.0004366812
440	0.0004366812
287	0.0004366812
519	0.0004366812
627	0.0004366812
162	0.0004366812
804	0.0004366812
279	0.0004366812
556	0.0004366812
163	0.0004366812
801	0.0004366812
167	0.0004366812
406	0.0004366812
175	0.0004366812
540	0.0004366812
026	0.0004158869
973	0.0004158869
288	0.0004158869
992	0.0004158869
691	0.0004158869
545	0.0004158869
179	0.0004158869
703	0.0004158869
352	0.0004158869
178	0.0004158869
716	0.0004158869
642	0.0004158869
701	0.0003950925
630	0.0003950925
164	0.0003950925
263	0.0003950925
575	0.0003950925
381	0.0003950925
020	0.0003950925
506	0.0003950925
956	0.0003950925
165	0.0003950925
361	0.0003950925
028	0.0003950925
248	0.0003950925
996	0.0003950925
025	0.0003950925
903	0.0003950925
257	0.0003950925
998	0.0003950925
236	0.0003742982
465	0.0003742982
283	0.0003742982
993	0.0003742982
756	0.0003742982
489	0.0003742982
268	0.0003742982
656	0.0003742982
819	0.0003742982
908	0.0003742982
442	0.0003742982
479	0.0003742982
902	0.0003742982
044	0.0003742982
985	0.0003742982
184	0.0003742982
453	0.0003742982
604	0.0003742982
091	0.0003742982
237	0.0003535038
371	0.0003535038
645	0.0003535038
830	0.0003535038
765	0.0003535038
995	0.0003535038
367	0.0003535038
875	0.0003535038
278	0.0003535038
592	0.0003535038
363	0.0003535038
760	0.0003535038
569	0.0003535038
732	0.0003535038
647	0.0003535038
773	0.0003535038
403	0.0003535038
636	0.0003535038
261	0.0003535038
535	0.0003535038
266	0.0003535038
878	0.0003327095
353	0.0003327095
745	0.0003327095
593	0.0003327095
172	0.0003327095
482	0.0003327095
893	0.0003327095
388	0.0003327095
550	0.0003327095
782	0.0003327095
984	0.0003327095
534	0.0003327095
585	0.0003327095
969	0.0003327095
803	0.0003327095
972	0.0003327095
176	0.0003327095
341	0.0003327095
295	0.0003327095
478	0.0003327095
335	0.0003327095
759	0.0003327095
863	0.0003327095
356	0.0003327095
661	0.0003119152
898	0.0003119152
905	0.0003119152
564	0.0003119152
994	0.0003119152
282	0.0003119152
672	0.0003119152
887	0.0003119152
089	0.0003119152
532	0.0003119152
378	0.0003119152
560	0.0003119152
274	0.0003119152
990	0.0003119152
249	0.0003119152
742	0.0003119152
285	0.0003119152
749	0.0003119152
584	0.0003119152
344	0.0003119152
662	0.0003119152
338	0.0003119152
260	0.0003119152
284	0.0003119152
294	0.0003119152
806	0.0003119152
445	0.0003119152
039	0.0003119152
033	0.0003119152
230	0.0003119152
589	0.0003119152
536	0.0003119152
292	0.0003119152
907	0.0003119152
434	0.0003119152
889	0.0003119152
997	0.0003119152
880	0.0003119152
675	0.0003119152
390	0.0003119152
459	0.0003119152
733	0.0003119152
349	0.0003119152
488	0.0003119152
385	0.0002911208
080	0.0002911208
264	0.0002911208
541	0.0002911208
639	0.0002911208
775	0.0002911208
699	0.0002911208
689	0.0002911208
050	0.0002911208
507	0.0002911208
029	0.0002911208
632	0.0002911208
631	0.0002911208
373	0.0002911208
879	0.0002911208
797	0.0002911208
860	0.0002911208
633	0.0002911208
466	0.0002911208
032	0.0002911208
492	0.0002911208
605	0.0002911208
843	0.0002911208
271	0.0002911208
603	0.0002911208
802	0.0002911208
464	0.0002911208
653	0.0002911208
629	0.0002911208
468	0.0002911208
895	0.0002911208
087	0.0002911208
342	0.0002911208
865	0.0002911208
359	0.0002911208
498	0.0002703265
688	0.0002703265
598	0.0002703265
461	0.0002703265
580	0.0002703265
988	0.0002703265
780	0.0002703265
396	0.0002703265
280	0.0002703265
037	0.0002703265
681	0.0002703265
571	0.0002703265
971	0.0002703265
469	0.0002703265
354	0.0002703265
368	0.0002703265
982	0.0002703265
291	0.0002703265
785	0.0002703265
634	0.0002703265
509	0.0002703265
690	0.0002703265
779	0.0002703265
708	0.0002703265
051	0.0002703265
676	0.0002703265
436	0.0002703265
841	0.0002703265
788	0.0002703265
599	0.0002703265
563	0.0002703265
705	0.0002703265
554	0.0002703265
293	0.0002703265
086	0.0002703265
607	0.0002703265
485	0.0002703265
076	0.0002703265
194	0.0002703265
794	0.0002703265
734	0.0002703265
977	0.0002703265
594	0.0002495321
553	0.0002495321
766	0.0002495321
590	0.0002495321
781	0.0002495321
097	0.0002495321
896	0.0002495321
055	0.0002495321
850	0.0002495321
090	0.0002495321
066	0.0002495321
641	0.0002495321
096	0.0002495321
374	0.0002495321
435	0.0002495321
387	0.0002495321
366	0.0002495321
884	0.0002495321
351	0.0002495321
054	0.0002495321
475	0.0002495321
906	0.0002495321
265	0.0002495321
858	0.0002495321
375	0.0002495321
939	0.0002495321
045	0.0002495321
798	0.0002495321
397	0.0002495321
473	0.0002495321
399	0.0002495321
783	0.0002495321
497	0.0002495321
379	0.0002495321
339	0.0002495321
936	0.0002495321
980	0.0002495321
667	0.0002495321
941	0.0002495321
376	0.0002495321
085	0.0002495321
595	0.0002495321
772	0.0002495321
737	0.0002495321
393	0.0002495321
646	0.0002495321
669	0.0002495321
061	0.0002495321
833	0.0002495321
692	0.0002287378
566	0.0002287378
384	0.0002287378
276	0.0002287378
885	0.0002287378
660	0.0002287378
981	0.0002287378
391	0.0002287378
072	0.0002287378
608	0.0002287378
092	0.0002287378
857	0.0002287378
452	0.0002287378
947	0.0002287378
894	0.0002287378
298	0.0002287378
451	0.0002287378
738	0.0002287378
574	0.0002287378
944	0.0002287378
448	0.0002287378
665	0.0002287378
764	0.0002287378
551	0.0002287378
685	0.0002287378
437	0.0002287378
332	0.0002287378
474	0.0002287378
286	0.0002287378
470	0.0002287378
558	0.0002287378
443	0.0002287378
455	0.0002287378
949	0.0002287378
041	0.0002287378
273	0.0002287378
684	0.0002287378
750	0.0002287378
546	0.0002287378
394	0.0002287378
481	0.0002287378
447	0.0002287378
862	0.0002287378
953	0.0002287378
966	0.0002287378
533	0.0002287378
959	0.0002079434
652	0.0002079434
844	0.0002079434
832	0.0002079434
270	0.0002079434
677	0.0002079434
093	0.0002079434
964	0.0002079434
673	0.0002079434
471	0.0002079434
886	0.0002079434
899	0.0002079434
075	0.0002079434
547	0.0002079434
297	0.0002079434
099	0.0002079434
441	0.0002079434
871	0.0002079434
770	0.0002079434
754	0.0002079434
864	0.0002079434
272	0.0002079434
679	0.0002079434
537	0.0002079434
067	0.0002079434
346	0.0002079434
640	0.0002079434
364	0.0002079434
457	0.0002079434
796	0.0002079434
548	0.0002079434
472	0.0002079434
487	0.0002079434
056	0.0002079434
392	0.0002079434
680	0.0002079434
579	0.0002079434
892	0.0002079434
948	0.0002079434
544	0.0002079434
060	0.0002079434
493	0.0002079434
582	0.0002079434
776	0.0002079434
577	0.0002079434
856	0.0002079434
052	0.0002079434
706	0.0002079434
957	0.0002079434
588	0.0002079434
743	0.0002079434
697	0.0002079434
866	0.0002079434
053	0.0002079434
836	0.0001871491
586	0.0001871491
970	0.0001871491
855	0.0001871491
807	0.0001871491
040	0.0001871491
762	0.0001871491
064	0.0001871491
458	0.0001871491
668	0.0001871491
746	0.0001871491
484	0.0001871491
846	0.0001871491
071	0.0001871491
078	0.0001871491
079	0.0001871491
771	0.0001871491
974	0.0001871491
340	0.0001871491
486	0.0001871491
848	0.0001871491
967	0.0001871491
945	0.0001871491
370	0.0001871491
870	0.0001871491
494	0.0001871491
695	0.0001871491
035	0.0001871491
975	0.0001871491
587	0.0001871491
477	0.0001871491
670	0.0001871491
034	0.0001871491
983	0.0001871491
462	0.0001871491
940	0.0001871491
549	0.0001871491
463	0.0001871491
439	0.0001871491
557	0.0001871491
931	0.0001871491
709	0.0001871491
744	0.0001871491
657	0.0001871491
578	0.0001871491
573	0.0001871491
490	0.0001871491
082	0.0001871491
740	0.0001871491
854	0.0001871491
693	0.0001871491
596	0.0001871491
979	0.0001871491
433	0.0001871491
583	0.0001871491
938	0.0001663548
495	0.0001663548
897	0.0001663548
882	0.0001663548
881	0.0001663548
768	0.0001663548
868	0.0001663548
467	0.0001663548
861	0.0001663548
538	0.0001663548
296	0.0001663548
389	0.0001663548
568	0.0001663548
591	0.0001663548
763	0.0001663548
380	0.0001663548
358	0.0001663548
084	0.0001663548
491	0.0001663548
845	0.0001663548
958	0.0001663548
043	0.0001663548
094	0.0001663548
038	0.0001663548
496	0.0001663548
431	0.0001663548
883	0.0001663548
950	0.0001663548
036	0.0001663548
083	0.0001663548
663	0.0001663548
682	0.0001663548
030	0.0001663548
960	0.0001455604
840	0.0001455604
847	0.0001455604
372	0.0001455604
739	0.0001455604
483	0.0001455604
539	0.0001455604
838	0.0001455604
059	0.0001455604
758	0.0001455604
088	0.0001455604
694	0.0001455604
377	0.0001455604
597	0.0001455604
651	0.0001455604
791	0.0001455604
761	0.0001455604
659	0.0001455604
869	0.0001455604
383	0.0001455604
382	0.0001455604
460	0.0001455604
395	0.0001455604
683	0.0001455604
655	0.0001455604
664	0.0001455604
042	0.0001455604
065	0.0001455604
570	0.0001455604
735	0.0001455604
638	0.0001455604
449	0.0001455604
767	0.0001455604
643	0.0001455604
859	0.0001455604
955	0.0001455604
095	0.0001455604
968	0.0001455604
552	0.0001455604
778	0.0001455604
057	0.0001455604
674	0.0001455604
062	0.0001247661
952	0.0001247661
686	0.0001247661
932	0.0001247661
644	0.0001247661
946	0.0001247661
648	0.0001247661
933	0.0001247661
793	0.0001247661
047	0.0001247661
748	0.0001247661
658	0.0001247661
576	0.0001247661
935	0.0001247661
961	0.0001247661
362	0.0001247661
790	0.0001247661
476	0.0001247661
736	0.0001247661
752	0.0001247661
687	0.0001247661
499	0.0001247661
755	0.0001247661
542	0.0001247661
872	0.0001247661
063	0.0001247661
081	0.0001247661
795	0.0001247661
049	0.0001247661
934	0.0001247661
942	0.0001247661
849	0.0001039717
834	0.0001039717
784	0.0001039717
874	0.0001039717
986	0.0001039717
962	0.0001039717
867	0.0001039717
774	0.0001039717
799	0.0001039717
068	0.0001039717
635	0.0001039717
398	0.0001039717
581	0.0001039717
074	0.0001039717
853	0.0001039717
976	0.0001039717
851	0.00008317738
965	0.00008317738
891	0.00008317738
943	0.00008317738
877	0.00008317738
048	0.00008317738
348	0.00008317738
835	0.00008317738
438	0.00008317738
839	0.00008317738
046	0.00008317738
649	0.00008317738
837	0.00008317738
769	0.00008317738
792	0.00008317738
446	0.00008317738
073	0.00006238303
842	0.00006238303
572	0.00006238303
698	0.00006238303
058	0.00006238303
873	0.00006238303
937	0.00006238303
751	0.00004158869
