123456789	0.09433962264150944
123454321	0.018867924528301886
200146841	0.009433962264150943
020344422	0.009433962264150943
618562446	0.009433962264150943
332299022	0.009433962264150943
592328203	0.009433962264150943
464539484	0.009433962264150943
112112321	0.009433962264150943
309077683	0.009433962264150943
271777458	0.009433962264150943
217313217	0.009433962264150943
999314004	0.009433962264150943
589744030	0.009433962264150943
568652298	0.009433962264150943
227571706	0.009433962264150943
279901024	0.009433962264150943
628364967	0.009433962264150943
538175015	0.009433962264150943
235198166	0.009433962264150943
232373405	0.009433962264150943
206600716	0.009433962264150943
122737625	0.009433962264150943
112312551	0.009433962264150943
991100460	0.009433962264150943
038853115	0.009433962264150943
606604981	0.009433962264150943
315869742	0.009433962264150943
168685941	0.009433962264150943
111142001	0.009433962264150943
601266092	0.009433962264150943
487046072	0.009433962264150943
154821350	0.009433962264150943
420420420	0.009433962264150943
372085230	0.009433962264150943
255496390	0.009433962264150943
629141874	0.009433962264150943
521737979	0.009433962264150943
374967965	0.009433962264150943
316118070	0.009433962264150943
311055639	0.009433962264150943
249818750	0.009433962264150943
206000412	0.009433962264150943
987654321	0.009433962264150943
984053013	0.009433962264150943
951478963	0.009433962264150943
951014399	0.009433962264150943
800128253	0.009433962264150943
789456123	0.009433962264150943
640240289	0.009433962264150943
629853799	0.009433962264150943
593436548	0.009433962264150943
593382864	0.009433962264150943
591965391	0.009433962264150943
590424785	0.009433962264150943
564735137	0.009433962264150943
547919908	0.009433962264150943
535123666	0.009433962264150943
526435264	0.009433962264150943
526035804	0.009433962264150943
498215302	0.009433962264150943
495040173	0.009433962264150943
479633191	0.009433962264150943
455953506	0.009433962264150943
444967770	0.009433962264150943
422371726	0.009433962264150943
414777420	0.009433962264150943
411672374	0.009433962264150943
409691790	0.009433962264150943
401339042	0.009433962264150943
398809089	0.009433962264150943
379182645	0.009433962264150943
311700981	0.009433962264150943
297924678	0.009433962264150943
258437483	0.009433962264150943
240653279	0.009433962264150943
234358616	0.009433962264150943
233353324	0.009433962264150943
232395311	0.009433962264150943
219138097	0.009433962264150943
218943212	0.009433962264150943
194130699	0.009433962264150943
192837465	0.009433962264150943
167701089	0.009433962264150943
149724012	0.009433962264150943
139763394	0.009433962264150943
134679852	0.009433962264150943
123123123	0.009433962264150943
115766035	0.009433962264150943
113095620	0.009433962264150943
112291001	0.009433962264150943
110002616	0.009433962264150943
066210980	0.009433962264150943
041545843	0.009433962264150943
041666667	0.009433962264150943
000097401	0.009433962264150943
