12345	0.08306709265175719
11111	0.007987220447284345
54321	0.006389776357827476
90210	0.004792332268370607
23456	0.004792332268370607
12106	0.004792332268370607
42592	0.003194888178913738
91590	0.003194888178913738
12321	0.003194888178913738
32405	0.003194888178913738
71193	0.003194888178913738
66666	0.003194888178913738
55555	0.003194888178913738
16259	0.003194888178913738
13579	0.003194888178913738
12346	0.003194888178913738
01903	0.003194888178913738
01234	0.003194888178913738
91906	0.001597444089456869
13314	0.001597444089456869
98083	0.001597444089456869
01213	0.001597444089456869
51890	0.001597444089456869
00000	0.001597444089456869
71590	0.001597444089456869
12227	0.001597444089456869
29133	0.001597444089456869
50205	0.001597444089456869
44125	0.001597444089456869
62121	0.001597444089456869
92831	0.001597444089456869
16795	0.001597444089456869
31692	0.001597444089456869
14815	0.001597444089456869
52188	0.001597444089456869
06750	0.001597444089456869
20743	0.001597444089456869
22885	0.001597444089456869
81286	0.001597444089456869
78223	0.001597444089456869
82893	0.001597444089456869
19058	0.001597444089456869
83074	0.001597444089456869
94509	0.001597444089456869
12386	0.001597444089456869
22057	0.001597444089456869
81888	0.001597444089456869
32791	0.001597444089456869
36915	0.001597444089456869
26640	0.001597444089456869
36241	0.001597444089456869
50125	0.001597444089456869
81357	0.001597444089456869
12378	0.001597444089456869
20091	0.001597444089456869
02389	0.001597444089456869
23607	0.001597444089456869
61904	0.001597444089456869
63088	0.001597444089456869
82188	0.001597444089456869
95622	0.001597444089456869
74285	0.001597444089456869
63005	0.001597444089456869
35054	0.001597444089456869
33335	0.001597444089456869
26692	0.001597444089456869
11420	0.001597444089456869
11566	0.001597444089456869
48218	0.001597444089456869
72404	0.001597444089456869
13015	0.001597444089456869
10431	0.001597444089456869
91791	0.001597444089456869
70442	0.001597444089456869
54972	0.001597444089456869
11492	0.001597444089456869
19861	0.001597444089456869
01803	0.001597444089456869
11093	0.001597444089456869
93614	0.001597444089456869
60462	0.001597444089456869
72590	0.001597444089456869
24241	0.001597444089456869
31416	0.001597444089456869
07131	0.001597444089456869
86001	0.001597444089456869
53102	0.001597444089456869
17701	0.001597444089456869
14905	0.001597444089456869
41475	0.001597444089456869
31220	0.001597444089456869
77467	0.001597444089456869
83194	0.001597444089456869
60016	0.001597444089456869
11778	0.001597444089456869
10019	0.001597444089456869
12553	0.001597444089456869
11590	0.001597444089456869
11557	0.001597444089456869
89509	0.001597444089456869
12228	0.001597444089456869
59772	0.001597444089456869
49042	0.001597444089456869
13413	0.001597444089456869
10912	0.001597444089456869
46138	0.001597444089456869
29231	0.001597444089456869
89304	0.001597444089456869
82111	0.001597444089456869
32341	0.001597444089456869
28942	0.001597444089456869
19888	0.001597444089456869
61412	0.001597444089456869
14306	0.001597444089456869
69691	0.001597444089456869
39046	0.001597444089456869
42106	0.001597444089456869
12343	0.001597444089456869
58585	0.001597444089456869
01532	0.001597444089456869
21989	0.001597444089456869
30052	0.001597444089456869
12806	0.001597444089456869
15289	0.001597444089456869
11218	0.001597444089456869
13567	0.001597444089456869
21897	0.001597444089456869
12259	0.001597444089456869
86312	0.001597444089456869
82388	0.001597444089456869
80392	0.001597444089456869
32529	0.001597444089456869
82006	0.001597444089456869
22912	0.001597444089456869
32905	0.001597444089456869
02040	0.001597444089456869
41992	0.001597444089456869
11506	0.001597444089456869
20000	0.001597444089456869
95017	0.001597444089456869
85013	0.001597444089456869
33183	0.001597444089456869
30410	0.001597444089456869
49448	0.001597444089456869
19477	0.001597444089456869
56543	0.001597444089456869
92592	0.001597444089456869
65637	0.001597444089456869
72184	0.001597444089456869
42590	0.001597444089456869
33905	0.001597444089456869
22192	0.001597444089456869
11960	0.001597444089456869
06790	0.001597444089456869
12788	0.001597444089456869
02861	0.001597444089456869
18382	0.001597444089456869
42317	0.001597444089456869
11520	0.001597444089456869
98152	0.001597444089456869
76575	0.001597444089456869
33803	0.001597444089456869
51091	0.001597444089456869
07882	0.001597444089456869
15595	0.001597444089456869
91406	0.001597444089456869
87666	0.001597444089456869
15591	0.001597444089456869
22293	0.001597444089456869
11186	0.001597444089456869
92019	0.001597444089456869
81393	0.001597444089456869
95409	0.001597444089456869
91296	0.001597444089456869
30863	0.001597444089456869
26037	0.001597444089456869
12486	0.001597444089456869
11423	0.001597444089456869
10906	0.001597444089456869
92006	0.001597444089456869
64148	0.001597444089456869
12390	0.001597444089456869
26554	0.001597444089456869
79521	0.001597444089456869
42533	0.001597444089456869
02050	0.001597444089456869
12490	0.001597444089456869
31587	0.001597444089456869
24520	0.001597444089456869
68866	0.001597444089456869
10329	0.001597444089456869
08591	0.001597444089456869
72088	0.001597444089456869
51731	0.001597444089456869
54353	0.001597444089456869
81490	0.001597444089456869
52922	0.001597444089456869
12839	0.001597444089456869
91286	0.001597444089456869
12265	0.001597444089456869
60928	0.001597444089456869
61982	0.001597444089456869
31990	0.001597444089456869
81694	0.001597444089456869
90303	0.001597444089456869
62506	0.001597444089456869
41231	0.001597444089456869
32494	0.001597444089456869
31105	0.001597444089456869
22286	0.001597444089456869
18186	0.001597444089456869
11785	0.001597444089456869
11552	0.001597444089456869
10592	0.001597444089456869
01031	0.001597444089456869
21292	0.001597444089456869
96821	0.001597444089456869
71505	0.001597444089456869
36858	0.001597444089456869
12007	0.001597444089456869
06030	0.001597444089456869
10458	0.001597444089456869
28999	0.001597444089456869
01668	0.001597444089456869
57458	0.001597444089456869
12886	0.001597444089456869
07973	0.001597444089456869
41983	0.001597444089456869
10522	0.001597444089456869
26232	0.001597444089456869
21327	0.001597444089456869
69509	0.001597444089456869
67144	0.001597444089456869
01987	0.001597444089456869
11588	0.001597444089456869
33711	0.001597444089456869
77662	0.001597444089456869
42588	0.001597444089456869
32777	0.001597444089456869
90716	0.001597444089456869
16212	0.001597444089456869
42796	0.001597444089456869
69666	0.001597444089456869
11464	0.001597444089456869
89371	0.001597444089456869
71992	0.001597444089456869
82001	0.001597444089456869
50010	0.001597444089456869
21599	0.001597444089456869
34550	0.001597444089456869
10387	0.001597444089456869
28147	0.001597444089456869
12312	0.001597444089456869
18000	0.001597444089456869
06084	0.001597444089456869
10304	0.001597444089456869
30690	0.001597444089456869
72192	0.001597444089456869
52879	0.001597444089456869
06459	0.001597444089456869
01207	0.001597444089456869
33688	0.001597444089456869
48197	0.001597444089456869
23411	0.001597444089456869
87544	0.001597444089456869
02136	0.001597444089456869
21175	0.001597444089456869
89052	0.001597444089456869
31027	0.001597444089456869
22321	0.001597444089456869
77777	0.001597444089456869
51775	0.001597444089456869
18076	0.001597444089456869
23329	0.001597444089456869
12905	0.001597444089456869
23192	0.001597444089456869
92206	0.001597444089456869
49851	0.001597444089456869
21191	0.001597444089456869
66696	0.001597444089456869
72003	0.001597444089456869
10114	0.001597444089456869
31224	0.001597444089456869
62990	0.001597444089456869
31388	0.001597444089456869
41392	0.001597444089456869
11983	0.001597444089456869
97897	0.001597444089456869
55335	0.001597444089456869
94102	0.001597444089456869
90650	0.001597444089456869
72883	0.001597444089456869
35151	0.001597444089456869
12189	0.001597444089456869
02468	0.001597444089456869
91081	0.001597444089456869
11121	0.001597444089456869
41464	0.001597444089456869
82289	0.001597444089456869
93308	0.001597444089456869
51284	0.001597444089456869
73049	0.001597444089456869
92285	0.001597444089456869
91091	0.001597444089456869
31591	0.001597444089456869
71991	0.001597444089456869
71623	0.001597444089456869
14205	0.001597444089456869
77158	0.001597444089456869
71989	0.001597444089456869
60185	0.001597444089456869
46792	0.001597444089456869
09876	0.001597444089456869
65070	0.001597444089456869
98183	0.001597444089456869
41984	0.001597444089456869
09950	0.001597444089456869
11249	0.001597444089456869
94558	0.001597444089456869
22690	0.001597444089456869
19851	0.001597444089456869
11796	0.001597444089456869
19684	0.001597444089456869
42594	0.001597444089456869
20051	0.001597444089456869
42605	0.001597444089456869
31192	0.001597444089456869
12591	0.001597444089456869
75854	0.001597444089456869
31791	0.001597444089456869
41292	0.001597444089456869
82806	0.001597444089456869
41285	0.001597444089456869
92747	0.001597444089456869
21992	0.001597444089456869
08158	0.001597444089456869
10289	0.001597444089456869
42699	0.001597444089456869
32549	0.001597444089456869
19069	0.001597444089456869
13456	0.001597444089456869
10910	0.001597444089456869
97180	0.001597444089456869
96792	0.001597444089456869
96744	0.001597444089456869
95539	0.001597444089456869
93006	0.001597444089456869
93003	0.001597444089456869
92787	0.001597444089456869
92277	0.001597444089456869
91187	0.001597444089456869
91108	0.001597444089456869
91012	0.001597444089456869
90901	0.001597444089456869
90886	0.001597444089456869
89801	0.001597444089456869
29426	0.001597444089456869
88523	0.001597444089456869
86677	0.001597444089456869
84621	0.001597444089456869
83927	0.001597444089456869
82886	0.001597444089456869
82653	0.001597444089456869
82292	0.001597444089456869
82101	0.001597444089456869
82015	0.001597444089456869
81887	0.001597444089456869
81487	0.001597444089456869
78982	0.001597444089456869
78965	0.001597444089456869
78963	0.001597444089456869
78924	0.001597444089456869
77916	0.001597444089456869
77877	0.001597444089456869
76543	0.001597444089456869
72988	0.001597444089456869
72602	0.001597444089456869
72563	0.001597444089456869
72389	0.001597444089456869
71961	0.001597444089456869
71747	0.001597444089456869
71422	0.001597444089456869
71387	0.001597444089456869
66668	0.001597444089456869
63366	0.001597444089456869
62889	0.001597444089456869
62789	0.001597444089456869
62101	0.001597444089456869
61641	0.001597444089456869
61589	0.001597444089456869
61501	0.001597444089456869
61081	0.001597444089456869
60546	0.001597444089456869
54121	0.001597444089456869
59414	0.001597444089456869
58383	0.001597444089456869
55546	0.001597444089456869
55369	0.001597444089456869
53154	0.001597444089456869
53091	0.001597444089456869
52597	0.001597444089456869
52392	0.001597444089456869
52006	0.001597444089456869
51991	0.001597444089456869
51920	0.001597444089456869
50690	0.001597444089456869
49635	0.001597444089456869
48819	0.001597444089456869
46290	0.001597444089456869
45381	0.001597444089456869
42701	0.001597444089456869
42489	0.001597444089456869
42488	0.001597444089456869
41185	0.001597444089456869
40568	0.001597444089456869
40439	0.001597444089456869
39423	0.001597444089456869
39417	0.001597444089456869
39403	0.001597444089456869
39394	0.001597444089456869
39384	0.001597444089456869
39372	0.001597444089456869
39366	0.001597444089456869
39355	0.001597444089456869
39352	0.001597444089456869
39349	0.001597444089456869
39346	0.001597444089456869
39338	0.001597444089456869
39337	0.001597444089456869
39334	0.001597444089456869
39326	0.001597444089456869
39321	0.001597444089456869
39311	0.001597444089456869
39305	0.001597444089456869
39283	0.001597444089456869
39263	0.001597444089456869
39254	0.001597444089456869
39251	0.001597444089456869
39244	0.001597444089456869
39200	0.001597444089456869
39196	0.001597444089456869
39173	0.001597444089456869
39158	0.001597444089456869
39148	0.001597444089456869
39147	0.001597444089456869
39143	0.001597444089456869
39103	0.001597444089456869
39102	0.001597444089456869
39097	0.001597444089456869
39095	0.001597444089456869
39091	0.001597444089456869
39089	0.001597444089456869
38808	0.001597444089456869
38521	0.001597444089456869
81132	0.001597444089456869
38083	0.001597444089456869
36670	0.001597444089456869
36617	0.001597444089456869
36139	0.001597444089456869
35886	0.001597444089456869
34042	0.001597444089456869
33695	0.001597444089456869
33635	0.001597444089456869
33573	0.001597444089456869
33420	0.001597444089456869
33333	0.001597444089456869
33244	0.001597444089456869
33175	0.001597444089456869
32994	0.001597444089456869
32933	0.001597444089456869
32926	0.001597444089456869
32637	0.001597444089456869
32605	0.001597444089456869
32589	0.001597444089456869
32568	0.001597444089456869
32493	0.001597444089456869
32356	0.001597444089456869
32325	0.001597444089456869
32288	0.001597444089456869
31959	0.001597444089456869
31889	0.001597444089456869
31792	0.001597444089456869
31389	0.001597444089456869
31222	0.001597444089456869
30854	0.001597444089456869
29465	0.001597444089456869
28638	0.001597444089456869
28430	0.001597444089456869
26908	0.001597444089456869
25896	0.001597444089456869
25654	0.001597444089456869
24151	0.001597444089456869
24049	0.001597444089456869
23698	0.001597444089456869
23564	0.001597444089456869
22740	0.001597444089456869
22592	0.001597444089456869
22488	0.001597444089456869
22191	0.001597444089456869
21687	0.001597444089456869
21356	0.001597444089456869
20893	0.001597444089456869
20486	0.001597444089456869
20283	0.001597444089456869
20181	0.001597444089456869
20012	0.001597444089456869
19701	0.001597444089456869
19413	0.001597444089456869
18901	0.001597444089456869
18841	0.001597444089456869
18750	0.001597444089456869
16789	0.001597444089456869
16540	0.001597444089456869
16510	0.001597444089456869
16188	0.001597444089456869
15932	0.001597444089456869
15691	0.001597444089456869
15637	0.001597444089456869
14882	0.001597444089456869
14477	0.001597444089456869
95843	0.001597444089456869
13481	0.001597444089456869
13013	0.001597444089456869
12887	0.001597444089456869
12706	0.001597444089456869
12606	0.001597444089456869
92109	0.001597444089456869
12354	0.001597444089456869
23457	0.001597444089456869
12324	0.001597444089456869
12277	0.001597444089456869
12144	0.001597444089456869
12065	0.001597444089456869
11889	0.001597444089456869
11691	0.001597444089456869
11234	0.001597444089456869
10698	0.001597444089456869
10635	0.001597444089456869
10623	0.001597444089456869
10578	0.001597444089456869
10568	0.001597444089456869
10236	0.001597444089456869
10234	0.001597444089456869
10145	0.001597444089456869
10116	0.001597444089456869
08214	0.001597444089456869
03820	0.001597444089456869
03598	0.001597444089456869
03084	0.001597444089456869
00122	0.001597444089456869
