1234	0.04219409282700422
1123	0.01828410689170183
1111	0.016877637130801686
1222	0.016877637130801686
1211	0.015471167369901548
qawsedrftgyh	0.012658227848101266
azsxdcfvgbhnj	0.012658227848101266
2221	0.009845288326300985
1q2w3e4r	0.009845288326300985
4rfv	0.009845288326300985
2111	0.008438818565400843
1112	0.008438818565400843
3221	0.007032348804500703
0909	0.007032348804500703
1212	0.007032348804500703
1122	0.007032348804500703
kmjnhbgvfcdx	0.007032348804500703
12345	0.007032348804500703
1221	0.005625879043600563
7877	0.005625879043600563
7776	0.005625879043600563
5443	0.005625879043600563
6555	0.005625879043600563
0989	0.005625879043600563
0998	0.005625879043600563
12345678	0.005625879043600563
123456	0.005625879043600563
12ww	0.005625879043600563
tree	0.005625879043600563
9000	0.005625879043600563
21122112	0.005625879043600563
7654	0.005625879043600563
7655	0.005625879043600563
7667	0.005625879043600563
qwertyuiop	0.005625879043600563
8878	0.005625879043600563
1233	0.005625879043600563
99999999	0.005625879043600563
6767	0.004219409282700422
1232	0.004219409282700422
2121	0.004219409282700422
3223	0.004219409282700422
6656	0.004219409282700422
4344	0.004219409282700422
5456	0.004219409282700422
9878	0.004219409282700422
6544	0.004219409282700422
6787	0.004219409282700422
qawsedrftg	0.004219409282700422
11221	0.004219409282700422
11222	0.004219409282700422
qwer	0.004219409282700422
8777	0.004219409282700422
6765	0.004219409282700422
4432	0.004219409282700422
4434	0.004219409282700422
7676	0.004219409282700422
8889	0.004219409282700422
assw	0.004219409282700422
2112	0.004219409282700422
2323	0.004219409282700422
8898	0.004219409282700422
3211	0.004219409282700422
3222	0.004219409282700422
9988	0.004219409282700422
5567	0.004219409282700422
7666	0.004219409282700422
2232	0.004219409282700422
xsw2	0.004219409282700422
free	0.004219409282700422
FREE	0.004219409282700422
opolo	0.0028129395218002813
0000	0.0028129395218002813
9987	0.0028129395218002813
4333	0.0028129395218002813
5445	0.0028129395218002813
3454	0.0028129395218002813
4433	0.0028129395218002813
5434	0.0028129395218002813
5676	0.0028129395218002813
2233	0.0028129395218002813
21222	0.0028129395218002813
8888	0.0028129395218002813
8899	0.0028129395218002813
0987	0.0028129395218002813
0990	0.0028129395218002813
5654	0.0028129395218002813
2123	0.0028129395218002813
6776	0.0028129395218002813
4343	0.0028129395218002813
8998	0.0028129395218002813
7888	0.0028129395218002813
32223	0.0028129395218002813
98777	0.0028129395218002813
2w3e4r	0.0028129395218002813
3e4r	0.0028129395218002813
7656	0.0028129395218002813
6543	0.0028129395218002813
2321	0.0028129395218002813
8787	0.0028129395218002813
poiuytrewq	0.0028129395218002813
0999	0.0028129395218002813
23211	0.0028129395218002813
7789	0.0028129395218002813
7899	0.0028129395218002813
6766	0.0028129395218002813
4345	0.0028129395218002813
6789	0.0028129395218002813
3344	0.0028129395218002813
5678	0.0028129395218002813
7678	0.0028129395218002813
4565	0.0028129395218002813
1223	0.0028129395218002813
4332	0.0028129395218002813
4543	0.0028129395218002813
9889	0.0028129395218002813
ASsw	0.0028129395218002813
3edc	0.0028129395218002813
azsxdcfvgbh	0.0028129395218002813
88877	0.0028129395218002813
2212	0.0028129395218002813
3322	0.0028129395218002813
6778	0.0028129395218002813
5433	0.0028129395218002813
0090	0.0028129395218002813
7898	0.0028129395218002813
3444	0.0028129395218002813
3232	0.0028129395218002813
7767	0.0028129395218002813
6554	0.0028129395218002813
5566	0.0028129395218002813
8776	0.0028129395218002813
5666	0.0028129395218002813
8900	0.0028129395218002813
3234	0.0028129395218002813
6667	0.0028129395218002813
5655	0.0028129395218002813
8766	0.0028129395218002813
9877	0.0028129395218002813
9887	0.0028129395218002813
123456789	0.0028129395218002813
qwert	0.0028129395218002813
00000000	0.0014064697609001407
54323	0.0014064697609001407
3345	0.0014064697609001407
323345	0.0014064697609001407
87655	0.0014064697609001407
66656	0.0014064697609001407
545433	0.0014064697609001407
9099	0.0014064697609001407
8890	0.0014064697609001407
6566	0.0014064697609001407
5667	0.0014064697609001407
099888	0.0014064697609001407
34555	0.0014064697609001407
878776	0.0014064697609001407
54345	0.0014064697609001407
1qawsedrftgyh	0.0014064697609001407
2qawse	0.0014064697609001407
099098	0.0014064697609001407
89999	0.0014064697609001407
11211	0.0014064697609001407
11232	0.0014064697609001407
12121	0.0014064697609001407
12211	0.0014064697609001407
12332	0.0014064697609001407
qwerty	0.0014064697609001407
1q2w3e	0.0014064697609001407
5545	0.0014064697609001407
8765	0.0014064697609001407
3443	0.0014064697609001407
09876	0.0014064697609001407
7665	0.0014064697609001407
67656	0.0014064697609001407
89988	0.0014064697609001407
9098	0.0014064697609001407
1Q2w3e4r	0.0014064697609001407
asSw	0.0014064697609001407
1q2w	0.0014064697609001407
1qaz	0.0014064697609001407
2wsx	0.0014064697609001407
1qazxsX	0.0014064697609001407
1qazxss	0.0014064697609001407
1qazxsw2	0.0014064697609001407
1qw23e	0.0014064697609001407
rredress	0.0014064697609001407
zazxsw2	0.0014064697609001407
0098	0.0014064697609001407
21111	0.0014064697609001407
21223	0.0014064697609001407
2211	0.0014064697609001407
221211	0.0014064697609001407
223445	0.0014064697609001407
4456	0.0014064697609001407
1121	0.0014064697609001407
2322	0.0014064697609001407
2334	0.0014064697609001407
2345	0.0014064697609001407
78767	0.0014064697609001407
98898	0.0014064697609001407
aSsw	0.0014064697609001407
34443	0.0014064697609001407
112334	0.0014064697609001407
3233	0.0014064697609001407
32122	0.0014064697609001407
32222	0.0014064697609001407
3323456	0.0014064697609001407
3332	0.0014064697609001407
3343	0.0014064697609001407
00909	0.0014064697609001407
3445676	0.0014064697609001407
3456	0.0014064697609001407
34565	0.0014064697609001407
34567	0.0014064697609001407
5554	0.0014064697609001407
55676	0.0014064697609001407
6545	0.0014064697609001407
77778	0.0014064697609001407
7778	0.0014064697609001407
0009	0.0014064697609001407
2222	0.0014064697609001407
88999	0.0014064697609001407
4545	0.0014064697609001407
66767	0.0014064697609001407
22112	0.0014064697609001407
23443	0.0014064697609001407
43434	0.0014064697609001407
443445	0.0014064697609001407
4544	0.0014064697609001407
4554	0.0014064697609001407
4555	0.0014064697609001407
00988	0.0014064697609001407
2qwertyuiop	0.0014064697609001407
4445	0.0014064697609001407
1qwertyuiop	0.0014064697609001407
6777	0.0014064697609001407
88989	0.0014064697609001407
78776	0.0014064697609001407
9999	0.0014064697609001407
77u7	0.0014064697609001407
olo9	0.0014064697609001407
00090	0.0014064697609001407
6677	0.0014064697609001407
122234	0.0014064697609001407
2333	0.0014064697609001407
34323	0.0014064697609001407
7878	0.0014064697609001407
78999	0.0014064697609001407
5444	0.0014064697609001407
54456	0.0014064697609001407
5454	0.0014064697609001407
545654	0.0014064697609001407
545656	0.0014064697609001407
5544	0.0014064697609001407
55445	0.0014064697609001407
9090	0.0014064697609001407
56654	0.0014064697609001407
56656	0.0014064697609001407
566654	0.0014064697609001407
56777	0.0014064697609001407
00009	0.0014064697609001407
76787	0.0014064697609001407
22212	0.0014064697609001407
6556	0.0014064697609001407
66789	0.0014064697609001407
55565	0.0014064697609001407
67766	0.0014064697609001407
89890	0.0014064697609001407
qawsedrftgyhu	0.0014064697609001407
09990	0.0014064697609001407
resses	0.0014064697609001407
5555	0.0014064697609001407
33221	0.0014064697609001407
3445	0.0014064697609001407
5556	0.0014064697609001407
433454	0.0014064697609001407
43444	0.0014064697609001407
434454	0.0014064697609001407
4454	0.0014064697609001407
88778	0.0014064697609001407
98999	0.0014064697609001407
9998	0.0014064697609001407
88990	0.0014064697609001407
77655	0.0014064697609001407
7765	0.0014064697609001407
77676	0.0014064697609001407
77767	0.0014064697609001407
7777	0.0014064697609001407
77777	0.0014064697609001407
7788	0.0014064697609001407
78788	0.0014064697609001407
78909	0.0014064697609001407
78989	0.0014064697609001407
3433	0.0014064697609001407
9876	0.0014064697609001407
9898	0.0014064697609001407
azsxdcfvgbhnjmk	0.0014064697609001407
erre	0.0014064697609001407
erres	0.0014064697609001407
6654	0.0014064697609001407
8876	0.0014064697609001407
8767	0.0014064697609001407
87765	0.0014064697609001407
8887	0.0014064697609001407
8988	0.0014064697609001407
8989	0.0014064697609001407
8990	0.0014064697609001407
11q2w3e4r	0.0014064697609001407
4566	0.0014064697609001407
45676	0.0014064697609001407
67678	0.0014064697609001407
2122	0.0014064697609001407
2223	0.0014064697609001407
778909	0.0014064697609001407
21q2w3e4r	0.0014064697609001407
78765	0.0014064697609001407
987676	0.0014064697609001407
9890	0.0014064697609001407
9909	0.0014064697609001407
99099	0.0014064697609001407
99888	0.0014064697609001407
99898	0.0014064697609001407
99900	0.0014064697609001407
999999999	0.0014064697609001407
zxcvbnm	0.0014064697609001407
Aasa	0.0014064697609001407
Asas	0.0014064697609001407
Azza	0.0014064697609001407
222222	0.0014064697609001407
111!	0.0014064697609001407
2212#	0.0014064697609001407
Eserese	0.0014064697609001407
11121	0.0014064697609001407
321@@	0.0014064697609001407
Pookoll	0.0014064697609001407
12111	0.0014064697609001407
Serese	0.0014064697609001407
Seresed	0.0014064697609001407
Serres	0.0014064697609001407
11111	0.0014064697609001407
3333	0.0014064697609001407
Sserree	0.0014064697609001407
asasasasASASASAS	0.0014064697609001407
asdfghjk	0.0014064697609001407
azzaAZZA	0.0014064697609001407
ddcDDC	0.0014064697609001407
ddddddDDDDDD	0.0014064697609001407
e4r4e	0.0014064697609001407
reed	0.0014064697609001407
kioKIO	0.0014064697609001407
kmjnhbgv	0.0014064697609001407
koikoiKOIKOI	0.0014064697609001407
kookKOOK	0.0014064697609001407
kookooKOOKOO	0.0014064697609001407
loloLOLO	0.0014064697609001407
lookLOOK	0.0014064697609001407
poiuytre	0.0014064697609001407
POIUYTRE	0.0014064697609001407
polk	0.0014064697609001407
polpolPOLPOL	0.0014064697609001407
pooPOO	0.0014064697609001407
pook	0.0014064697609001407
POOK	0.0014064697609001407
popp	0.0014064697609001407
qwertyui	0.0014064697609001407
sasaSASA	0.0014064697609001407
seedSEED	0.0014064697609001407
seseSESE	0.0014064697609001407
121212	0.0014064697609001407
tressa	0.0014064697609001407
TRESSA	0.0014064697609001407
vvvvvvVV	0.0014064697609001407
zzzzzzzZZZZZZZ	0.0014064697609001407
