1234567890	0.0625
3401495067	0.03125
1234598765	0.03125
3169856576	0.03125
6188061880	0.03125
0412364324	0.03125
0407473397	0.03125
1181811818	0.03125
4815162342	0.03125
8082229134	0.03125
5998086695	0.03125
0994238016	0.03125
1619718316	0.03125
1586774169	0.03125
1124897191	0.03125
1719290010	0.03125
3362253018	0.03125
2406251439	0.03125
1234567899	0.03125
0925902009	0.03125
7531598523	0.03125
9913886694	0.03125
8584528970	0.03125
7904174892	0.03125
7717168843	0.03125
7702295652	0.03125
6861914335	0.03125
5216758358	0.03125
1883622280	0.03125
1234554321	0.03125
1108611086	0.03125
