123456123456	0.006198347107438017
123456654321	0.005509641873278237
123456789123	0.0048209366391184574
112233445566	0.0048209366391184574
102030405060	0.004132231404958678
010203040506	0.0027548209366391185
159753159753	0.002066115702479339
014702580369	0.002066115702479339
123321123321	0.0013774104683195593
159753456852	0.0013774104683195593
900915035222	0.0013774104683195593
123456789555	0.0013774104683195593
212224236248	0.0013774104683195593
917156628103	0.0013774104683195593
123456789000	0.0013774104683195593
020489020489	0.0013774104683195593
111222333444	0.0013774104683195593
012345678910	0.0013774104683195593
741085209630	0.0013774104683195593
124412441244	0.0013774104683195593
890506035452	0.0006887052341597796
078926465134	0.0006887052341597796
102404387000	0.0006887052341597796
695357695357	0.0006887052341597796
911223146160	0.0006887052341597796
153037384547	0.0006887052341597796
950716125466	0.0006887052341597796
123452310953	0.0006887052341597796
450518613548	0.0006887052341597796
085250284600	0.0006887052341597796
789789789789	0.0006887052341597796
881125125804	0.0006887052341597796
123456789101	0.0006887052341597796
900226055279	0.0006887052341597796
218312461718	0.0006887052341597796
171091191094	0.0006887052341597796
388092191995	0.0006887052341597796
987654321321	0.0006887052341597796
111237301038	0.0006887052341597796
122702050105	0.0006887052341597796
114731642127	0.0006887052341597796
091913131314	0.0006887052341597796
081898011902	0.0006887052341597796
910304025454	0.0006887052341597796
789527415953	0.0006887052341597796
901112085511	0.0006887052341597796
870424465055	0.0006887052341597796
186315122994	0.0006887052341597796
085649852496	0.0006887052341597796
940209016926	0.0006887052341597796
911027016684	0.0006887052341597796
864866405221	0.0006887052341597796
011096060195	0.0006887052341597796
053001331519	0.0006887052341597796
009620795771	0.0006887052341597796
131292120292	0.0006887052341597796
031134500919	0.0006887052341597796
513111513178	0.0006887052341597796
210390236090	0.0006887052341597796
686893686893	0.0006887052341597796
162401162401	0.0006887052341597796
897337466667	0.0006887052341597796
891204091187	0.0006887052341597796
085646575783	0.0006887052341597796
400279858486	0.0006887052341597796
042361504848	0.0006887052341597796
306285306285	0.0006887052341597796
850204015142	0.0006887052341597796
112262644814	0.0006887052341597796
012345635486	0.0006887052341597796
540289870321	0.0006887052341597796
021083596366	0.0006887052341597796
693385566072	0.0006887052341597796
860908287482	0.0006887052341597796
900604146865	0.0006887052341597796
270492161293	0.0006887052341597796
471798647176	0.0006887052341597796
092872791703	0.0006887052341597796
760218035321	0.0006887052341597796
850614135200	0.0006887052341597796
025040848222	0.0006887052341597796
963085207410	0.0006887052341597796
170423102525	0.0006887052341597796
454641454641	0.0006887052341597796
008394242000	0.0006887052341597796
172839475869	0.0006887052341597796
182413182413	0.0006887052341597796
160917482502	0.0006887052341597796
030307040689	0.0006887052341597796
029747765555	0.0006887052341597796
201129260621	0.0006887052341597796
320588320588	0.0006887052341597796
830219105142	0.0006887052341597796
231105231105	0.0006887052341597796
300495300495	0.0006887052341597796
241958241958	0.0006887052341597796
084042052901	0.0006887052341597796
003534907975	0.0006887052341597796
435761703513	0.0006887052341597796
473481081920	0.0006887052341597796
840418115617	0.0006887052341597796
666655554444	0.0006887052341597796
789456123789	0.0006887052341597796
230589040489	0.0006887052341597796
000894095574	0.0006887052341597796
980611118553	0.0006887052341597796
341498919070	0.0006887052341597796
180010015668	0.0006887052341597796
052523122527	0.0006887052341597796
944222305110	0.0006887052341597796
128985265604	0.0006887052341597796
079408115074	0.0006887052341597796
030835987999	0.0006887052341597796
121027052536	0.0006887052341597796
930604075603	0.0006887052341597796
880625055115	0.0006887052341597796
017626413965	0.0006887052341597796
031405091106	0.0006887052341597796
092820473424	0.0006887052341597796
198712161010	0.0006887052341597796
073969372064	0.0006887052341597796
930324076038	0.0006887052341597796
910201085163	0.0006887052341597796
472681534123	0.0006887052341597796
122200083517	0.0006887052341597796
932530932530	0.0006887052341597796
851120136224	0.0006887052341597796
041473651888	0.0006887052341597796
060219882009	0.0006887052341597796
085692709447	0.0006887052341597796
123123789456	0.0006887052341597796
988181102121	0.0006887052341597796
242524252425	0.0006887052341597796
230125332511	0.0006887052341597796
100421051305	0.0006887052341597796
123433333333	0.0006887052341597796
811114125354	0.0006887052341597796
011985232201	0.0006887052341597796
202537691023	0.0006887052341597796
320547101886	0.0006887052341597796
181125341234	0.0006887052341597796
940823155012	0.0006887052341597796
258545639710	0.0006887052341597796
086088095439	0.0006887052341597796
210957210957	0.0006887052341597796
012319703225	0.0006887052341597796
140988090793	0.0006887052341597796
252017011423	0.0006887052341597796
195875442539	0.0006887052341597796
470502459170	0.0006887052341597796
204492481992	0.0006887052341597796
230287230790	0.0006887052341597796
078805025885	0.0006887052341597796
757771414560	0.0006887052341597796
821015135177	0.0006887052341597796
051667102860	0.0006887052341597796
940212085756	0.0006887052341597796
840126126015	0.0006887052341597796
147852147852	0.0006887052341597796
940524025402	0.0006887052341597796
085723060066	0.0006887052341597796
891121115245	0.0006887052341597796
290190290190	0.0006887052341597796
880723125703	0.0006887052341597796
297489778389	0.0006887052341597796
500229727979	0.0006887052341597796
253025332536	0.0006887052341597796
159357159357	0.0006887052341597796
669668661972	0.0006887052341597796
941206075396	0.0006887052341597796
232925150303	0.0006887052341597796
858373697682	0.0006887052341597796
930702930702	0.0006887052341597796
121257100963	0.0006887052341597796
258456357159	0.0006887052341597796
405822921980	0.0006887052341597796
880128085065	0.0006887052341597796
014789632525	0.0006887052341597796
250714268593	0.0006887052341597796
123456789987	0.0006887052341597796
022967283451	0.0006887052341597796
020696030311	0.0006887052341597796
778899778899	0.0006887052341597796
821113135090	0.0006887052341597796
083410410716	0.0006887052341597796
901030036329	0.0006887052341597796
480101111010	0.0006887052341597796
110200785261	0.0006887052341597796
140817878402	0.0006887052341597796
950209016062	0.0006887052341597796
260225312312	0.0006887052341597796
625858170136	0.0006887052341597796
240190900124	0.0006887052341597796
725165731299	0.0006887052341597796
122805048387	0.0006887052341597796
115022082534	0.0006887052341597796
910611035513	0.0006887052341597796
085725333318	0.0006887052341597796
050725361993	0.0006887052341597796
020319021956	0.0006887052341597796
085624137924	0.0006887052341597796
000894463149	0.0006887052341597796
125136006006	0.0006887052341597796
085692949124	0.0006887052341597796
759684263510	0.0006887052341597796
971221971527	0.0006887052341597796
201416490690	0.0006887052341597796
140719872203	0.0006887052341597796
056971011369	0.0006887052341597796
009745362113	0.0006887052341597796
900802025642	0.0006887052341597796
429103283628	0.0006887052341597796
832535832535	0.0006887052341597796
133346611753	0.0006887052341597796
298717402532	0.0006887052341597796
195181214451	0.0006887052341597796
860426015075	0.0006887052341597796
235813213455	0.0006887052341597796
233579281183	0.0006887052341597796
935859614005	0.0006887052341597796
023756000123	0.0006887052341597796
199119921993	0.0006887052341597796
794613852456	0.0006887052341597796
880617115237	0.0006887052341597796
920309075070	0.0006887052341597796
092149032988	0.0006887052341597796
070751481923	0.0006887052341597796
032103210321	0.0006887052341597796
770203045219	0.0006887052341597796
220233161231	0.0006887052341597796
529241015828	0.0006887052341597796
101505080907	0.0006887052341597796
085242874031	0.0006887052341597796
901227085175	0.0006887052341597796
199219931996	0.0006887052341597796
930501086078	0.0006887052341597796
085232288838	0.0006887052341597796
871181103711	0.0006887052341597796
753159456963	0.0006887052341597796
940413135182	0.0006887052341597796
920824146275	0.0006887052341597796
244860402028	0.0006887052341597796
890124435469	0.0006887052341597796
870916495891	0.0006887052341597796
789124221072	0.0006887052341597796
221322221322	0.0006887052341597796
191953512311	0.0006887052341597796
930521085179	0.0006887052341597796
860410566673	0.0006887052341597796
070620068990	0.0006887052341597796
626364656667	0.0006887052341597796
766511741174	0.0006887052341597796
140802040307	0.0006887052341597796
374010038123	0.0006887052341597796
199212134226	0.0006887052341597796
787845459696	0.0006887052341597796
121213131414	0.0006887052341597796
159753258456	0.0006887052341597796
011102780257	0.0006887052341597796
199219941992	0.0006887052341597796
123231145145	0.0006887052341597796
221281226585	0.0006887052341597796
930209065691	0.0006887052341597796
100835211033	0.0006887052341597796
207200413194	0.0006887052341597796
881217565073	0.0006887052341597796
661014132706	0.0006887052341597796
009613598130	0.0006887052341597796
132622018681	0.0006887052341597796
018839990444	0.0006887052341597796
081321782236	0.0006887052341597796
831216055076	0.0006887052341597796
639209270763	0.0006887052341597796
920210145120	0.0006887052341597796
123456789321	0.0006887052341597796
482662784639	0.0006887052341597796
200704230608	0.0006887052341597796
249922450018	0.0006887052341597796
673489673489	0.0006887052341597796
497160831846	0.0006887052341597796
730117125179	0.0006887052341597796
081933763711	0.0006887052341597796
090402051177	0.0006887052341597796
135242938950	0.0006887052341597796
032389022789	0.0006887052341597796
960202115294	0.0006887052341597796
202220222022	0.0006887052341597796
077852869123	0.0006887052341597796
091065463689	0.0006887052341597796
900611145959	0.0006887052341597796
101789123186	0.0006887052341597796
051951971584	0.0006887052341597796
654321111111	0.0006887052341597796
085651079697	0.0006887052341597796
092636709755	0.0006887052341597796
085225887300	0.0006887052341597796
395060501036	0.0006887052341597796
953248281990	0.0006887052341597796
930415045114	0.0006887052341597796
150290230404	0.0006887052341597796
890120125850	0.0006887052341597796
010441992619	0.0006887052341597796
190585010422	0.0006887052341597796
111853598111	0.0006887052341597796
795705080809	0.0006887052341597796
221994619640	0.0006887052341597796
071412141983	0.0006887052341597796
445566778899	0.0006887052341597796
311825108070	0.0006887052341597796
191189230490	0.0006887052341597796
074950101017	0.0006887052341597796
743733743733	0.0006887052341597796
920609127119	0.0006887052341597796
996633774411	0.0006887052341597796
200419851112	0.0006887052341597796
097031653123	0.0006887052341597796
860207045004	0.0006887052341597796
241231050124	0.0006887052341597796
123456789025	0.0006887052341597796
050463092785	0.0006887052341597796
134679718293	0.0006887052341597796
085694407562	0.0006887052341597796
290983080783	0.0006887052341597796
081014789910	0.0006887052341597796
159753124578	0.0006887052341597796
199419941994	0.0006887052341597796
042522523009	0.0006887052341597796
291122000634	0.0006887052341597796
085740372129	0.0006887052341597796
261190110434	0.0006887052341597796
900503125328	0.0006887052341597796
197412051314	0.0006887052341597796
156010026274	0.0006887052341597796
848176891238	0.0006887052341597796
001245781970	0.0006887052341597796
528157065848	0.0006887052341597796
085693030987	0.0006887052341597796
209700348829	0.0006887052341597796
244720302007	0.0006887052341597796
900207105154	0.0006887052341597796
645752645725	0.0006887052341597796
911113145319	0.0006887052341597796
244830202017	0.0006887052341597796
282180282180	0.0006887052341597796
131313131313	0.0006887052341597796
890210136270	0.0006887052341597796
010490010490	0.0006887052341597796
297456849206	0.0006887052341597796
041202040887	0.0006887052341597796
246810246810	0.0006887052341597796
465398484185	0.0006887052341597796
165181111198	0.0006887052341597796
091650439928	0.0006887052341597796
002521208011	0.0006887052341597796
258456159357	0.0006887052341597796
204513482308	0.0006887052341597796
200531100932	0.0006887052341597796
940423125316	0.0006887052341597796
097279088470	0.0006887052341597796
900814115039	0.0006887052341597796
940313015570	0.0006887052341597796
930512970120	0.0006887052341597796
054315639242	0.0006887052341597796
940313035758	0.0006887052341597796
168075800195	0.0006887052341597796
123654123654	0.0006887052341597796
940205075277	0.0006887052341597796
167943167943	0.0006887052341597796
032266195233	0.0006887052341597796
165418151516	0.0006887052341597796
881783018141	0.0006887052341597796
591243569786	0.0006887052341597796
028940903000	0.0006887052341597796
250687291086	0.0006887052341597796
110370309527	0.0006887052341597796
840629145656	0.0006887052341597796
816244064104	0.0006887052341597796
100788561469	0.0006887052341597796
054613364555	0.0006887052341597796
788892012288	0.0006887052341597796
890805085783	0.0006887052341597796
930126016130	0.0006887052341597796
085648494755	0.0006887052341597796
001146306012	0.0006887052341597796
270391270391	0.0006887052341597796
611586217788	0.0006887052341597796
240395240195	0.0006887052341597796
950307950307	0.0006887052341597796
860516235813	0.0006887052341597796
109876543210	0.0006887052341597796
497128483091	0.0006887052341597796
085245007522	0.0006887052341597796
198219831984	0.0006887052341597796
092153073321	0.0006887052341597796
148525415264	0.0006887052341597796
251085250590	0.0006887052341597796
920601085428	0.0006887052341597796
741740408143	0.0006887052341597796
130400255171	0.0006887052341597796
123321112233	0.0006887052341597796
880731015758	0.0006887052341597796
083829219011	0.0006887052341597796
160719872006	0.0006887052341597796
140698847007	0.0006887052341597796
901020125125	0.0006887052341597796
081335999511	0.0006887052341597796
091642671542	0.0006887052341597796
900545352645	0.0006887052341597796
140781140781	0.0006887052341597796
190519815119	0.0006887052341597796
030490159159	0.0006887052341597796
181186080885	0.0006887052341597796
861111125773	0.0006887052341597796
102811011127	0.0006887052341597796
241034633222	0.0006887052341597796
880121565373	0.0006887052341597796
252911246099	0.0006887052341597796
102134121469	0.0006887052341597796
791998230932	0.0006887052341597796
136307841010	0.0006887052341597796
016506229123	0.0006887052341597796
759517415953	0.0006887052341597796
264651202007	0.0006887052341597796
025124162370	0.0006887052341597796
213268753951	0.0006887052341597796
260305190494	0.0006887052341597796
861122565611	0.0006887052341597796
558844226600	0.0006887052341597796
800109015683	0.0006887052341597796
860622236393	0.0006887052341597796
214246662505	0.0006887052341597796
101824310627	0.0006887052341597796
122512932751	0.0006887052341597796
122244185050	0.0006887052341597796
220331102527	0.0006887052341597796
891006125835	0.0006887052341597796
191987456008	0.0006887052341597796
901029075769	0.0006887052341597796
121213132424	0.0006887052341597796
159884512553	0.0006887052341597796
270634040934	0.0006887052341597796
085648161404	0.0006887052341597796
880629105490	0.0006887052341597796
168076040167	0.0006887052341597796
900812015210	0.0006887052341597796
219256321953	0.0006887052341597796
890107086324	0.0006887052341597796
200710036025	0.0006887052341597796
121805301118	0.0006887052341597796
033119950130	0.0006887052341597796
197346825031	0.0006887052341597796
910507145114	0.0006887052341597796
199619962008	0.0006887052341597796
270327032703	0.0006887052341597796
012398642537	0.0006887052341597796
800314015308	0.0006887052341597796
920428146740	0.0006887052341597796
085649425675	0.0006887052341597796
085641360018	0.0006887052341597796
357113231237	0.0006887052341597796
310384310384	0.0006887052341597796
229097258074	0.0006887052341597796
081328432460	0.0006887052341597796
804256791300	0.0006887052341597796
731223045329	0.0006887052341597796
154990019165	0.0006887052341597796
328124443920	0.0006887052341597796
025412365321	0.0006887052341597796
031019870313	0.0006887052341597796
452452452452	0.0006887052341597796
177117711771	0.0006887052341597796
380301170380	0.0006887052341597796
081367222333	0.0006887052341597796
012880032182	0.0006887052341597796
790711075586	0.0006887052341597796
240989100790	0.0006887052341597796
012295175470	0.0006887052341597796
270804291105	0.0006887052341597796
418424781793	0.0006887052341597796
271727172717	0.0006887052341597796
120412041204	0.0006887052341597796
910515015125	0.0006887052341597796
245020501009	0.0006887052341597796
121212319445	0.0006887052341597796
670330851121	0.0006887052341597796
070434070236	0.0006887052341597796
202305287079	0.0006887052341597796
999123123465	0.0006887052341597796
639212673994	0.0006887052341597796
881103026631	0.0006887052341597796
150989040588	0.0006887052341597796
130136151035	0.0006887052341597796
900608025243	0.0006887052341597796
271137271137	0.0006887052341597796
503321012006	0.0006887052341597796
085100012099	0.0006887052341597796
200100183301	0.0006887052341597796
081804242059	0.0006887052341597796
131325254646	0.0006887052341597796
140201052708	0.0006887052341597796
085256764623	0.0006887052341597796
250433231131	0.0006887052341597796
901224035519	0.0006887052341597796
317592280356	0.0006887052341597796
860122145372	0.0006887052341597796
199102120212	0.0006887052341597796
172405107884	0.0006887052341597796
554422336611	0.0006887052341597796
101210202324	0.0006887052341597796
123701386540	0.0006887052341597796
060483041705	0.0006887052341597796
001741594143	0.0006887052341597796
318954231184	0.0006887052341597796
198789623155	0.0006887052341597796
469107910295	0.0006887052341597796
091985776519	0.0006887052341597796
041185350544	0.0006887052341597796
020152011993	0.0006887052341597796
920527075175	0.0006887052341597796
791020105269	0.0006887052341597796
274784267426	0.0006887052341597796
302010908070	0.0006887052341597796
382342314855	0.0006887052341597796
172103172103	0.0006887052341597796
296580480034	0.0006887052341597796
485736461905	0.0006887052341597796
515357595456	0.0006887052341597796
010100110110	0.0006887052341597796
124599002008	0.0006887052341597796
697192771617	0.0006887052341597796
821226025779	0.0006887052341597796
014141807019	0.0006887052341597796
753951456852	0.0006887052341597796
087851132096	0.0006887052341597796
141119782006	0.0006887052341597796
448866990022	0.0006887052341597796
901549848284	0.0006887052341597796
940626105702	0.0006887052341597796
810107145635	0.0006887052341597796
212330976080	0.0006887052341597796
123456789009	0.0006887052341597796
100100100100	0.0006887052341597796
061895234007	0.0006887052341597796
184860505065	0.0006887052341597796
194900194900	0.0006887052341597796
880417525442	0.0006887052341597796
081548577940	0.0006887052341597796
098099000418	0.0006887052341597796
060621821223	0.0006887052341597796
910306075594	0.0006887052341597796
000745456379	0.0006887052341597796
795636214802	0.0006887052341597796
742617000027	0.0006887052341597796
318022460372	0.0006887052341597796
123456789012	0.0006887052341597796
940904145123	0.0006887052341597796
716142711216	0.0006887052341597796
041618436900	0.0006887052341597796
891031920705	0.0006887052341597796
208010103060	0.0006887052341597796
123045607890	0.0006887052341597796
852456753951	0.0006887052341597796
191314479931	0.0006887052341597796
019489483700	0.0006887052341597796
900912105061	0.0006887052341597796
996100574103	0.0006887052341597796
831018146372	0.0006887052341597796
460107054006	0.0006887052341597796
911220105988	0.0006887052341597796
895623895623	0.0006887052341597796
351375121092	0.0006887052341597796
950826146559	0.0006887052341597796
261093960103	0.0006887052341597796
880910435627	0.0006887052341597796
290588310791	0.0006887052341597796
836573249381	0.0006887052341597796
159875321000	0.0006887052341597796
260525261983	0.0006887052341597796
121522512415	0.0006887052341597796
020533207351	0.0006887052341597796
790906068783	0.0006887052341597796
467546754675	0.0006887052341597796
091023334321	0.0006887052341597796
910415035188	0.0006887052341597796
165050001149	0.0006887052341597796
010190160589	0.0006887052341597796
890812086354	0.0006887052341597796
085291389833	0.0006887052341597796
861106251205	0.0006887052341597796
391123198205	0.0006887052341597796
300490304501	0.0006887052341597796
252425272546	0.0006887052341597796
221033221033	0.0006887052341597796
092829034986	0.0006887052341597796
091635424999	0.0006887052341597796
159263159263	0.0006887052341597796
850311125363	0.0006887052341597796
069912427142	0.0006887052341597796
041422883950	0.0006887052341597796
112358853211	0.0006887052341597796
050119862007	0.0006887052341597796
041621139107	0.0006887052341597796
196719801960	0.0006887052341597796
182529252900	0.0006887052341597796
233523417679	0.0006887052341597796
025881841123	0.0006887052341597796
006105001922	0.0006887052341597796
010715301233	0.0006887052341597796
442201022200	0.0006887052341597796
213338273813	0.0006887052341597796
123029281134	0.0006887052341597796
012234936466	0.0006887052341597796
009283275311	0.0006887052341597796
300607122384	0.0006887052341597796
123452472317	0.0006887052341597796
881205065485	0.0006887052341597796
765952662683	0.0006887052341597796
940122075503	0.0006887052341597796
690215065209	0.0006887052341597796
070790161088	0.0006887052341597796
010108101008	0.0006887052341597796
250525332020	0.0006887052341597796
091265432190	0.0006887052341597796
910109016659	0.0006887052341597796
053629487615	0.0006887052341597796
085710301554	0.0006887052341597796
020106391074	0.0006887052341597796
198420022004	0.0006887052341597796
354858482814	0.0006887052341597796
085299006606	0.0006887052341597796
089970715731	0.0006887052341597796
086090505367	0.0006887052341597796
950117075444	0.0006887052341597796
742691475369	0.0006887052341597796
021276021276	0.0006887052341597796
012483916400	0.0006887052341597796
241031789654	0.0006887052341597796
198622735683	0.0006887052341597796
885021075347	0.0006887052341597796
915493063123	0.0006887052341597796
199001250910	0.0006887052341597796
921024115766	0.0006887052341597796
304012040568	0.0006887052341597796
052019661966	0.0006887052341597796
636883170173	0.0006887052341597796
890102145284	0.0006887052341597796
039104061992	0.0006887052341597796
113253960165	0.0006887052341597796
864035878420	0.0006887052341597796
170723081905	0.0006887052341597796
900920025897	0.0006887052341597796
531862562187	0.0006887052341597796
009613586905	0.0006887052341597796
251089251089	0.0006887052341597796
085279322012	0.0006887052341597796
533601202532	0.0006887052341597796
963212369000	0.0006887052341597796
431114152743	0.0006887052341597796
819600802860	0.0006887052341597796
951753852456	0.0006887052341597796
681451377166	0.0006887052341597796
940224135087	0.0006887052341597796
778721007799	0.0006887052341597796
195419872008	0.0006887052341597796
211307058889	0.0006887052341597796
013545901992	0.0006887052341597796
091745382963	0.0006887052341597796
085729292565	0.0006887052341597796
121050751664	0.0006887052341597796
029334253006	0.0006887052341597796
105643201981	0.0006887052341597796
102702092506	0.0006887052341597796
030819741968	0.0006887052341597796
890220075432	0.0006887052341597796
091580830210	0.0006887052341597796
440734291118	0.0006887052341597796
081703047016	0.0006887052341597796
920425760897	0.0006887052341597796
950522035809	0.0006887052341597796
870415385459	0.0006887052341597796
017747422637	0.0006887052341597796
192532192532	0.0006887052341597796
051703135111	0.0006887052341597796
861023861023	0.0006887052341597796
798284016205	0.0006887052341597796
840912045044	0.0006887052341597796
753951456123	0.0006887052341597796
200934200934	0.0006887052341597796
941112135060	0.0006887052341597796
880405105643	0.0006887052341597796
161288161288	0.0006887052341597796
096649647235	0.0006887052341597796
673511007486	0.0006887052341597796
280488210387	0.0006887052341597796
562637622937	0.0006887052341597796
900322125732	0.0006887052341597796
199850225870	0.0006887052341597796
160525301987	0.0006887052341597796
010257459007	0.0006887052341597796
120090011657	0.0006887052341597796
546964546964	0.0006887052341597796
354850411021	0.0006887052341597796
139455313411	0.0006887052341597796
091048183452	0.0006887052341597796
121309270206	0.0006887052341597796
669198135812	0.0006887052341597796
920612035979	0.0006887052341597796
950118135912	0.0006887052341597796
851207075241	0.0006887052341597796
280225341412	0.0006887052341597796
871023355298	0.0006887052341597796
741551578451	0.0006887052341597796
123123123123	0.0006887052341597796
085643216134	0.0006887052341597796
000000030189	0.0006887052341597796
105549293710	0.0006887052341597796
420292601983	0.0006887052341597796
081330540420	0.0006887052341597796
112787807074	0.0006887052341597796
359112025918	0.0006887052341597796
261225111983	0.0006887052341597796
080734200230	0.0006887052341597796
604524601721	0.0006887052341597796
004973150003	0.0006887052341597796
083831219051	0.0006887052341597796
632105789103	0.0006887052341597796
920307145573	0.0006887052341597796
085725321331	0.0006887052341597796
881003085488	0.0006887052341597796
250130302501	0.0006887052341597796
210612032534	0.0006887052341597796
662006120012	0.0006887052341597796
246824682468	0.0006887052341597796
311230240432	0.0006887052341597796
830327126274	0.0006887052341597796
253125321928	0.0006887052341597796
211213149887	0.0006887052341597796
020735110335	0.0006887052341597796
200020012002	0.0006887052341597796
120229032512	0.0006887052341597796
230953141077	0.0006887052341597796
092965830721	0.0006887052341597796
860520236587	0.0006887052341597796
251013171924	0.0006887052341597796
921120136217	0.0006887052341597796
830125015779	0.0006887052341597796
456975504429	0.0006887052341597796
643037833502	0.0006887052341597796
901104016284	0.0006887052341597796
081802730659	0.0006887052341597796
930113915006	0.0006887052341597796
559766306841	0.0006887052341597796
147147147147	0.0006887052341597796
221173221173	0.0006887052341597796
062205102283	0.0006887052341597796
460115092048	0.0006887052341597796
085647262476	0.0006887052341597796
951275812100	0.0006887052341597796
900130075363	0.0006887052341597796
851306001558	0.0006887052341597796
450304221056	0.0006887052341597796
357125801989	0.0006887052341597796
890317105650	0.0006887052341597796
180887914537	0.0006887052341597796
240604240604	0.0006887052341597796
085291245741	0.0006887052341597796
111121213131	0.0006887052341597796
840525135103	0.0006887052341597796
870902145460	0.0006887052341597796
091719910917	0.0006887052341597796
090405100623	0.0006887052341597796
080419851207	0.0006887052341597796
029923401510	0.0006887052341597796
910815045537	0.0006887052341597796
258925892589	0.0006887052341597796
940906075106	0.0006887052341597796
881231565600	0.0006887052341597796
080119812007	0.0006887052341597796
787897878787	0.0006887052341597796
235460530424	0.0006887052341597796
083601761400	0.0006887052341597796
528361251164	0.0006887052341597796
589941763695	0.0006887052341597796
300104842152	0.0006887052341597796
012949470679	0.0006887052341597796
461116344111	0.0006887052341597796
217410266031	0.0006887052341597796
087584276619	0.0006887052341597796
171125272009	0.0006887052341597796
890405136473	0.0006887052341597796
891201105530	0.0006887052341597796
081578085418	0.0006887052341597796
999999999999	0.0006887052341597796
815516112331	0.0006887052341597796
130291130589	0.0006887052341597796
050244402007	0.0006887052341597796
585528626660	0.0006887052341597796
110419902007	0.0006887052341597796
011233211223	0.0006887052341597796
172090118801	0.0006887052341597796
159357852456	0.0006887052341597796
900307085656	0.0006887052341597796
880302116198	0.0006887052341597796
565656891997	0.0006887052341597796
080586210690	0.0006887052341597796
101113062520	0.0006887052341597796
153554687217	0.0006887052341597796
890310135718	0.0006887052341597796
622011372940	0.0006887052341597796
085275112028	0.0006887052341597796
856886161314	0.0006887052341597796
060291112990	0.0006887052341597796
142373155009	0.0006887052341597796
081298101597	0.0006887052341597796
920907085703	0.0006887052341597796
156345258987	0.0006887052341597796
110334100733	0.0006887052341597796
950126086161	0.0006887052341597796
010231615321	0.0006887052341597796
051708189697	0.0006887052341597796
870403385080	0.0006887052341597796
850323074038	0.0006887052341597796
152535535251	0.0006887052341597796
333444555666	0.0006887052341597796
199109254789	0.0006887052341597796
315932270390	0.0006887052341597796
920511145765	0.0006887052341597796
161994410747	0.0006887052341597796
252025222550	0.0006887052341597796
029811531741	0.0006887052341597796
092606092606	0.0006887052341597796
703673085306	0.0006887052341597796
850821075597	0.0006887052341597796
230131945455	0.0006887052341597796
085643746043	0.0006887052341597796
990263262008	0.0006887052341597796
851011086125	0.0006887052341597796
110370036679	0.0006887052341597796
920204015725	0.0006887052341597796
753951852456	0.0006887052341597796
122330021412	0.0006887052341597796
351041451266	0.0006887052341597796
150919895254	0.0006887052341597796
900221115025	0.0006887052341597796
199115198720	0.0006887052341597796
222829338221	0.0006887052341597796
166346242008	0.0006887052341597796
920619105896	0.0006887052341597796
123456852456	0.0006887052341597796
515131610198	0.0006887052341597796
840808145336	0.0006887052341597796
323302120664	0.0006887052341597796
155795538426	0.0006887052341597796
950512106693	0.0006887052341597796
164060015198	0.0006887052341597796
840618025157	0.0006887052341597796
441452441452	0.0006887052341597796
621030382001	0.0006887052341597796
054010351741	0.0006887052341597796
071135071135	0.0006887052341597796
555128326105	0.0006887052341597796
861212025408	0.0006887052341597796
098765432178	0.0006887052341597796
081316688675	0.0006887052341597796
800612105424	0.0006887052341597796
010184101184	0.0006887052341597796
830416025360	0.0006887052341597796
666969666969	0.0006887052341597796
852534852534	0.0006887052341597796
053061900591	0.0006887052341597796
248532866425	0.0006887052341597796
250999221014	0.0006887052341597796
199302022008	0.0006887052341597796
741963852456	0.0006887052341597796
880213016013	0.0006887052341597796
041625476424	0.0006887052341597796
501124958123	0.0006887052341597796
327252327252	0.0006887052341597796
085951100178	0.0006887052341597796
129900252443	0.0006887052341597796
150441200237	0.0006887052341597796
286458110530	0.0006887052341597796
123464249327	0.0006887052341597796
886462020304	0.0006887052341597796
800916086242	0.0006887052341597796
890204075424	0.0006887052341597796
085264767363	0.0006887052341597796
740405650420	0.0006887052341597796
880219015193	0.0006887052341597796
511123261236	0.0006887052341597796
250307290407	0.0006887052341597796
153624153624	0.0006887052341597796
201559135747	0.0006887052341597796
264520206001	0.0006887052341597796
252915529180	0.0006887052341597796
146449897803	0.0006887052341597796
085691419119	0.0006887052341597796
134990065413	0.0006887052341597796
870119235421	0.0006887052341597796
123456789789	0.0006887052341597796
110807001788	0.0006887052341597796
260186120594	0.0006887052341597796
250935070233	0.0006887052341597796
890801075377	0.0006887052341597796
829001182006	0.0006887052341597796
085276171937	0.0006887052341597796
100925273011	0.0006887052341597796
112233112233	0.0006887052341597796
900330086294	0.0006887052341597796
087179048631	0.0006887052341597796
081352111177	0.0006887052341597796
232695454262	0.0006887052341597796
890305495102	0.0006887052341597796
910430115098	0.0006887052341597796
085256758967	0.0006887052341597796
085224666333	0.0006887052341597796
860128237075	0.0006887052341597796
900922085631	0.0006887052341597796
171007020607	0.0006887052341597796
071235291132	0.0006887052341597796
501721032021	0.0006887052341597796
253825382538	0.0006887052341597796
016330065300	0.0006887052341597796
305540771618	0.0006887052341597796
881104085508	0.0006887052341597796
850101870830	0.0006887052341597796
900430145810	0.0006887052341597796
010811725020	0.0006887052341597796
861006355078	0.0006887052341597796
035691821330	0.0006887052341597796
271205170706	0.0006887052341597796
598287591500	0.0006887052341597796
283612220336	0.0006887052341597796
091944518971	0.0006887052341597796
504811793234	0.0006887052341597796
920730145028	0.0006887052341597796
003558112774	0.0006887052341597796
101112131518	0.0006887052341597796
199319861968	0.0006887052341597796
380116911071	0.0006887052341597796
202050502020	0.0006887052341597796
870618145535	0.0006887052341597796
300206042225	0.0006887052341597796
183990012407	0.0006887052341597796
055643370510	0.0006887052341597796
135899751265	0.0006887052341597796
860222595389	0.0006887052341597796
880505115558	0.0006887052341597796
110330003030	0.0006887052341597796
741236985075	0.0006887052341597796
737435863320	0.0006887052341597796
860628152400	0.0006887052341597796
451115440266	0.0006887052341597796
084328645306	0.0006887052341597796
856207604076	0.0006887052341597796
081318872670	0.0006887052341597796
085208520852	0.0006887052341597796
300635141034	0.0006887052341597796
129800079243	0.0006887052341597796
543216789010	0.0006887052341597796
085294329680	0.0006887052341597796
018005574239	0.0006887052341597796
012015747270	0.0006887052341597796
203821121511	0.0006887052341597796
198003010420	0.0006887052341597796
081328263588	0.0006887052341597796
081310014738	0.0006887052341597796
559900042879	0.0006887052341597796
870116146183	0.0006887052341597796
085265431165	0.0006887052341597796
517010412100	0.0006887052341597796
110525361533	0.0006887052341597796
921012026125	0.0006887052341597796
198603164713	0.0006887052341597796
920220025886	0.0006887052341597796
870829236109	0.0006887052341597796
587839002611	0.0006887052341597796
210819942006	0.0006887052341597796
085235336611	0.0006887052341597796
012345556789	0.0006887052341597796
123445556676	0.0006887052341597796
940302045387	0.0006887052341597796
133623363334	0.0006887052341597796
017625517026	0.0006887052341597796
314750302016	0.0006887052341597796
199338199326	0.0006887052341597796
110070074137	0.0006887052341597796
880529065540	0.0006887052341597796
106785866287	0.0006887052341597796
415263748596	0.0006887052341597796
190906122531	0.0006887052341597796
199733611003	0.0006887052341597796
124626845689	0.0006887052341597796
270927102711	0.0006887052341597796
252462667747	0.0006887052341597796
091650541478	0.0006887052341597796
100701008056	0.0006887052341597796
930516126490	0.0006887052341597796
940125017157	0.0006887052341597796
480403460873	0.0006887052341597796
940913136237	0.0006887052341597796
920309075644	0.0006887052341597796
009657892988	0.0006887052341597796
760615135369	0.0006887052341597796
910318135320	0.0006887052341597796
851231851231	0.0006887052341597796
081316235373	0.0006887052341597796
198104161081	0.0006887052341597796
252925292529	0.0006887052341597796
250687311205	0.0006887052341597796
050319802004	0.0006887052341597796
210930032585	0.0006887052341597796
091822641570	0.0006887052341597796
033086890581	0.0006887052341597796
880802236188	0.0006887052341597796
085267011241	0.0006887052341597796
851106035662	0.0006887052341597796
931116145953	0.0006887052341597796
131413141314	0.0006887052341597796
176316072132	0.0006887052341597796
886970352472	0.0006887052341597796
003606081023	0.0006887052341597796
149225251425	0.0006887052341597796
450412940460	0.0006887052341597796
850925125229	0.0006887052341597796
198628198217	0.0006887052341597796
183461852456	0.0006887052341597796
820327045264	0.0006887052341597796
880505105480	0.0006887052341597796
335566441100	0.0006887052341597796
340701122531	0.0006887052341597796
289791050579	0.0006887052341597796
416651837304	0.0006887052341597796
198621161122	0.0006887052341597796
002134128135	0.0006887052341597796
087868250039	0.0006887052341597796
030686021085	0.0006887052341597796
852456951753	0.0006887052341597796
012082308577	0.0006887052341597796
880516459867	0.0006887052341597796
890220126391	0.0006887052341597796
100586860510	0.0006887052341597796
081336683736	0.0006887052341597796
081938101022	0.0006887052341597796
490411261183	0.0006887052341597796
180985180985	0.0006887052341597796
911207115049	0.0006887052341597796
109209309409	0.0006887052341597796
011612191125	0.0006887052341597796
041232050535	0.0006887052341597796
159357456852	0.0006887052341597796
860810235873	0.0006887052341597796
069914510470	0.0006887052341597796
551984551984	0.0006887052341597796
124650505009	0.0006887052341597796
850802016348	0.0006887052341597796
157191532463	0.0006887052341597796
052597865172	0.0006887052341597796
131419932006	0.0006887052341597796
230232150435	0.0006887052341597796
830730016059	0.0006887052341597796
084018500705	0.0006887052341597796
081348058852	0.0006887052341597796
705105743452	0.0006887052341597796
222911039189	0.0006887052341597796
183293486953	0.0006887052341597796
291035151135	0.0006887052341597796
085822084490	0.0006887052341597796
089002111002	0.0006887052341597796
077403037263	0.0006887052341597796
110370007787	0.0006887052341597796
198211090708	0.0006887052341597796
506365495115	0.0006887052341597796
930072372717	0.0006887052341597796
502110192815	0.0006887052341597796
501005112495	0.0006887052341597796
018696636296	0.0006887052341597796
193564193564	0.0006887052341597796
012536326300	0.0006887052341597796
199108300825	0.0006887052341597796
152515251525	0.0006887052341597796
332625454325	0.0006887052341597796
012345678956	0.0006887052341597796
085247460446	0.0006887052341597796
186836318806	0.0006887052341597796
870315642378	0.0006887052341597796
490105367685	0.0006887052341597796
930511114939	0.0006887052341597796
262608092532	0.0006887052341597796
850901105653	0.0006887052341597796
235290499212	0.0006887052341597796
126070119345	0.0006887052341597796
771990771990	0.0006887052341597796
424551002059	0.0006887052341597796
060525930714	0.0006887052341597796
880829435232	0.0006887052341597796
220803101124	0.0006887052341597796
890623075082	0.0006887052341597796
880101525120	0.0006887052341597796
520131404193	0.0006887052341597796
216971942005	0.0006887052341597796
790818095149	0.0006887052341597796
300602102504	0.0006887052341597796
950303055148	0.0006887052341597796
950522015824	0.0006887052341597796
543217132885	0.0006887052341597796
252721728825	0.0006887052341597796
081253937701	0.0006887052341597796
130986130986	0.0006887052341597796
210784161202	0.0006887052341597796
151814122013	0.0006887052341597796
085724049667	0.0006887052341597796
257953060480	0.0006887052341597796
950727146297	0.0006887052341597796
527962011601	0.0006887052341597796
012345543210	0.0006887052341597796
058135320050	0.0006887052341597796
357113813704	0.0006887052341597796
085232419141	0.0006887052341597796
010203010203	0.0006887052341597796
330113330113	0.0006887052341597796
718933501123	0.0006887052341597796
113111321133	0.0006887052341597796
096484039191	0.0006887052341597796
123654823791	0.0006887052341597796
930216085404	0.0006887052341597796
081919409143	0.0006887052341597796
100510051005	0.0006887052341597796
001300512725	0.0006887052341597796
021683696969	0.0006887052341597796
081248141252	0.0006887052341597796
215880215880	0.0006887052341597796
881110495781	0.0006887052341597796
964849503123	0.0006887052341597796
050435230833	0.0006887052341597796
043099427996	0.0006887052341597796
012325636300	0.0006887052341597796
032105131980	0.0006887052341597796
100596140391	0.0006887052341597796
160407050307	0.0006887052341597796
670528531068	0.0006887052341597796
042004200420	0.0006887052341597796
199720082009	0.0006887052341597796
077686823444	0.0006887052341597796
336871749798	0.0006887052341597796
900208055128	0.0006887052341597796
121212030303	0.0006887052341597796
310588320588	0.0006887052341597796
274121400463	0.0006887052341597796
842117539146	0.0006887052341597796
123123234345	0.0006887052341597796
930805015092	0.0006887052341597796
861214355216	0.0006887052341597796
081276831788	0.0006887052341597796
399339933993	0.0006887052341597796
204273042200	0.0006887052341597796
780010008415	0.0006887052341597796
041459585983	0.0006887052341597796
085759016687	0.0006887052341597796
898989032289	0.0006887052341597796
910413146095	0.0006887052341597796
062479672879	0.0006887052341597796
281284300485	0.0006887052341597796
886420022518	0.0006887052341597796
978978978978	0.0006887052341597796
810504126518	0.0006887052341597796
810120015819	0.0006887052341597796
423125423125	0.0006887052341597796
092132042219	0.0006887052341597796
809147219213	0.0006887052341597796
020933131133	0.0006887052341597796
085222745020	0.0006887052341597796
123654789321	0.0006887052341597796
049159753049	0.0006887052341597796
123456789104	0.0006887052341597796
002911110305	0.0006887052341597796
070083657777	0.0006887052341597796
159633441596	0.0006887052341597796
452893452893	0.0006887052341597796
081927728402	0.0006887052341597796
285092896238	0.0006887052341597796
142334475164	0.0006887052341597796
098765567890	0.0006887052341597796
150313141516	0.0006887052341597796
005716271352	0.0006887052341597796
841005065177	0.0006887052341597796
077581077581	0.0006887052341597796
900728145629	0.0006887052341597796
890326890326	0.0006887052341597796
019666632658	0.0006887052341597796
741963741963	0.0006887052341597796
085647010393	0.0006887052341597796
026531456879	0.0006887052341597796
010571388999	0.0006887052341597796
085275565758	0.0006887052341597796
243144575215	0.0006887052341597796
900720066002	0.0006887052341597796
171229100328	0.0006887052341597796
115010504004	0.0006887052341597796
364532532605	0.0006887052341597796
860927335691	0.0006887052341597796
718194656110	0.0006887052341597796
300586300586	0.0006887052341597796
813250828904	0.0006887052341597796
901226025402	0.0006887052341597796
418591275666	0.0006887052341597796
910513045435	0.0006887052341597796
801014075418	0.0006887052341597796
081767670890	0.0006887052341597796
880422025223	0.0006887052341597796
081356016989	0.0006887052341597796
015205113393	0.0006887052341597796
150156243023	0.0006887052341597796
092676106623	0.0006887052341597796
821009091082	0.0006887052341597796
585201437260	0.0006887052341597796
112410786112	0.0006887052341597796
150989190608	0.0006887052341597796
214785895054	0.0006887052341597796
133069133069	0.0006887052341597796
940215015032	0.0006887052341597796
405060102030	0.0006887052341597796
250134141133	0.0006887052341597796
286966840241	0.0006887052341597796
081807544386	0.0006887052341597796
940827105266	0.0006887052341597796
940523075352	0.0006887052341597796
180046907465	0.0006887052341597796
085265202125	0.0006887052341597796
100125128986	0.0006887052341597796
168271159357	0.0006887052341597796
010283598500	0.0006887052341597796
081911311617	0.0006887052341597796
910127145796	0.0006887052341597796
164616451644	0.0006887052341597796
475968142635	0.0006887052341597796
159753258741	0.0006887052341597796
198899198899	0.0006887052341597796
211025361993	0.0006887052341597796
860413465181	0.0006887052341597796
083541073303	0.0006887052341597796
201020123505	0.0006887052341597796
820903075403	0.0006887052341597796
793794793794	0.0006887052341597796
479972467948	0.0006887052341597796
311019912007	0.0006887052341597796
091695883411	0.0006887052341597796
900015735982	0.0006887052341597796
260525218982	0.0006887052341597796
261433575859	0.0006887052341597796
115010503232	0.0006887052341597796
890113135719	0.0006887052341597796
860612295226	0.0006887052341597796
161716171617	0.0006887052341597796
198519851985	0.0006887052341597796
536395962900	0.0006887052341597796
270486123456	0.0006887052341597796
480501461237	0.0006887052341597796
171821040503	0.0006887052341597796
017353941665	0.0006887052341597796
220860220069	0.0006887052341597796
196619851234	0.0006887052341597796
030086624705	0.0006887052341597796
061912345678	0.0006887052341597796
010206162430	0.0006887052341597796
316541143174	0.0006887052341597796
060803101146	0.0006887052341597796
332540620482	0.0006887052341597796
910620035443	0.0006887052341597796
313969962006	0.0006887052341597796
301228301228	0.0006887052341597796
950118125909	0.0006887052341597796
851205016125	0.0006887052341597796
494340334181	0.0006887052341597796
010404541500	0.0006887052341597796
281992199282	0.0006887052341597796
319591319591	0.0006887052341597796
081903079032	0.0006887052341597796
951753456852	0.0006887052341597796
000161916577	0.0006887052341597796
151651455462	0.0006887052341597796
075285557908	0.0006887052341597796
154147159123	0.0006887052341597796
020903050805	0.0006887052341597796
179319094074	0.0006887052341597796
081189091806	0.0006887052341597796
931128085484	0.0006887052341597796
445669252611	0.0006887052341597796
491202089104	0.0006887052341597796
369248369248	0.0006887052341597796
181019112401	0.0006887052341597796
890213025699	0.0006887052341597796
110419781977	0.0006887052341597796
221025361993	0.0006887052341597796
193883231905	0.0006887052341597796
940611135060	0.0006887052341597796
900712085334	0.0006887052341597796
748748748748	0.0006887052341597796
081314126274	0.0006887052341597796
860704235511	0.0006887052341597796
900216105981	0.0006887052341597796
124578963000	0.0006887052341597796
170610067987	0.0006887052341597796
999007999007	0.0006887052341597796
880602135163	0.0006887052341597796
050161477989	0.0006887052341597796
244850504005	0.0006887052341597796
231081280988	0.0006887052341597796
118040006097	0.0006887052341597796
232979251327	0.0006887052341597796
900506911213	0.0006887052341597796
200611103110	0.0006887052341597796
159852357258	0.0006887052341597796
197009140297	0.0006887052341597796
429897440707	0.0006887052341597796
200812061994	0.0006887052341597796
831029145586	0.0006887052341597796
870116385125	0.0006887052341597796
081276568994	0.0006887052341597796
085680089888	0.0006887052341597796
013105040986	0.0006887052341597796
085645343477	0.0006887052341597796
622871219060	0.0006887052341597796
900514015757	0.0006887052341597796
316415108177	0.0006887052341597796
100785140983	0.0006887052341597796
510789456123	0.0006887052341597796
052690052690	0.0006887052341597796
136475812797	0.0006887052341597796
196215392552	0.0006887052341597796
860824821202	0.0006887052341597796
880814525841	0.0006887052341597796
010123456789	0.0006887052341597796
910408095078	0.0006887052341597796
281947376942	0.0006887052341597796
010625261983	0.0006887052341597796
202122232425	0.0006887052341597796
050125326525	0.0006887052341597796
198503014521	0.0006887052341597796
110140057649	0.0006887052341597796
273594170452	0.0006887052341597796
837843766262	0.0006887052341597796
118956784512	0.0006887052341597796
788925890014	0.0006887052341597796
242020055633	0.0006887052341597796
010128001242	0.0006887052341597796
300789300789	0.0006887052341597796
931028035412	0.0006887052341597796
950105085610	0.0006887052341597796
395060505138	0.0006887052341597796
910530025065	0.0006887052341597796
203602004755	0.0006887052341597796
470101456719	0.0006887052341597796
910510135336	0.0006887052341597796
017019950711	0.0006887052341597796
407155847788	0.0006887052341597796
190880005791	0.0006887052341597796
175645678910	0.0006887052341597796
127604181290	0.0006887052341597796
152510152510	0.0006887052341597796
940131145171	0.0006887052341597796
151774550543	0.0006887052341597796
198817642264	0.0006887052341597796
049403041822	0.0006887052341597796
017757552098	0.0006887052341597796
572269575965	0.0006887052341597796
081308722112	0.0006887052341597796
053789852123	0.0006887052341597796
499451101392	0.0006887052341597796
920801045164	0.0006887052341597796
252526232425	0.0006887052341597796
241082209123	0.0006887052341597796
081321635807	0.0006887052341597796
236987410525	0.0006887052341597796
900119146327	0.0006887052341597796
490908698658	0.0006887052341597796
115111740925	0.0006887052341597796
042541699304	0.0006887052341597796
236232256336	0.0006887052341597796
930724025483	0.0006887052341597796
748596758496	0.0006887052341597796
890629125431	0.0006887052341597796
859203382586	0.0006887052341597796
920131106131	0.0006887052341597796
147854789521	0.0006887052341597796
060393090393	0.0006887052341597796
091632130322	0.0006887052341597796
288397966167	0.0006887052341597796
182339425161	0.0006887052341597796
890907015794	0.0006887052341597796
252850511058	0.0006887052341597796
085659914333	0.0006887052341597796
976404481805	0.0006887052341597796
102611966449	0.0006887052341597796
950424055312	0.0006887052341597796
401239712525	0.0006887052341597796
290593270392	0.0006887052341597796
314719694256	0.0006887052341597796
199319921483	0.0006887052341597796
085659138913	0.0006887052341597796
112358132134	0.0006887052341597796
