1234	0.020422535211267606
2008	0.01056338028169014
1999	0.009859154929577466
1666	0.008450704225352112
2012	0.008450704225352112
2000	0.008450704225352112
1222	0.007746478873239437
1110	0.007042253521126761
1123	0.007042253521126761
1888	0.007042253521126761
2007	0.006338028169014085
1333	0.006338028169014085
1009	0.006338028169014085
1007	0.006338028169014085
2001	0.005633802816901409
1444	0.005633802816901409
1777	0.005633802816901409
2009	0.005633802816901409
2004	0.005633802816901409
2005	0.005633802816901409
1979	0.004929577464788733
1918	0.004929577464788733
1982	0.004929577464788733
1981	0.004929577464788733
1906	0.004929577464788733
1968	0.004929577464788733
1374	0.004225352112676056
1960	0.004225352112676056
1989	0.004225352112676056
1111	0.004225352112676056
1008	0.004225352112676056
2003	0.004225352112676056
1900	0.004225352112676056
1380	0.0035211267605633804
1294	0.0035211267605633804
1253	0.0035211267605633804
1306	0.0035211267605633804
1211	0.0035211267605633804
1970	0.0035211267605633804
1286	0.0035211267605633804
1144	0.0035211267605633804
2006	0.0035211267605633804
1940	0.0035211267605633804
1971	0.0035211267605633804
1980	0.0035211267605633804
1995	0.0035211267605633804
1936	0.0035211267605633804
1991	0.0035211267605633804
1984	0.0035211267605633804
1983	0.0035211267605633804
1956	0.0035211267605633804
1951	0.0035211267605633804
1973	0.0035211267605633804
1949	0.0035211267605633804
2017	0.0028169014084507044
1942	0.0028169014084507044
1922	0.0028169014084507044
1104	0.0028169014084507044
1228	0.0028169014084507044
1344	0.0028169014084507044
1100	0.0028169014084507044
1282	0.0028169014084507044
1945	0.0028169014084507044
2013	0.0028169014084507044
1941	0.0028169014084507044
1383	0.0028169014084507044
1171	0.0028169014084507044
1388	0.0028169014084507044
1241	0.0028169014084507044
1384	0.0028169014084507044
1308	0.0028169014084507044
1147	0.0028169014084507044
1218	0.0028169014084507044
1107	0.0028169014084507044
0112	0.0028169014084507044
1256	0.0028169014084507044
1331	0.0028169014084507044
0164	0.0028169014084507044
1927	0.0028169014084507044
1176	0.0028169014084507044
1235	0.0028169014084507044
1387	0.0028169014084507044
1108	0.0028169014084507044
1314	0.0028169014084507044
1155	0.0028169014084507044
1993	0.0028169014084507044
1977	0.0028169014084507044
1376	0.0028169014084507044
1976	0.0028169014084507044
1930	0.0028169014084507044
1935	0.0028169014084507044
1555	0.0028169014084507044
2010	0.0028169014084507044
1967	0.0028169014084507044
1961	0.0028169014084507044
1985	0.0028169014084507044
1959	0.0028169014084507044
2011	0.0028169014084507044
1997	0.0028169014084507044
1996	0.0028169014084507044
1994	0.0028169014084507044
1701	0.0028169014084507044
1917	0.0028169014084507044
3872	0.002112676056338028
1907	0.002112676056338028
2015	0.002112676056338028
1990	0.002112676056338028
1910	0.002112676056338028
6591	0.002112676056338028
1903	0.002112676056338028
1037	0.002112676056338028
1025	0.002112676056338028
1263	0.002112676056338028
1122	0.002112676056338028
1112	0.002112676056338028
1239	0.002112676056338028
1000	0.002112676056338028
1277	0.002112676056338028
1332	0.002112676056338028
1233	0.002112676056338028
1113	0.002112676056338028
1249	0.002112676056338028
2118	0.002112676056338028
1321	0.002112676056338028
1275	0.002112676056338028
1310	0.002112676056338028
1271	0.002112676056338028
1390	0.002112676056338028
2167	0.002112676056338028
1185	0.002112676056338028
1199	0.002112676056338028
1212	0.002112676056338028
1372	0.002112676056338028
1202	0.002112676056338028
1281	0.002112676056338028
1063	0.002112676056338028
2154	0.002112676056338028
1224	0.002112676056338028
1317	0.002112676056338028
1166	0.002112676056338028
1153	0.002112676056338028
1258	0.002112676056338028
1158	0.002112676056338028
1272	0.002112676056338028
1943	0.002112676056338028
1316	0.002112676056338028
1049	0.002112676056338028
1301	0.002112676056338028
0106	0.002112676056338028
0165	0.002112676056338028
1105	0.002112676056338028
0156	0.002112676056338028
1947	0.002112676056338028
1912	0.002112676056338028
1948	0.002112676056338028
1236	0.002112676056338028
1937	0.002112676056338028
1902	0.002112676056338028
1924	0.002112676056338028
1913	0.002112676056338028
1932	0.002112676056338028
1931	0.002112676056338028
1929	0.002112676056338028
1964	0.002112676056338028
1205	0.002112676056338028
1024	0.002112676056338028
1965	0.002112676056338028
1919	0.002112676056338028
7904	0.0014084507042253522
4105	0.0014084507042253522
2002	0.0014084507042253522
1933	0.0014084507042253522
1911	0.0014084507042253522
2018	0.0014084507042253522
1986	0.0014084507042253522
1928	0.0014084507042253522
1954	0.0014084507042253522
1950	0.0014084507042253522
1939	0.0014084507042253522
1966	0.0014084507042253522
1957	0.0014084507042253522
1946	0.0014084507042253522
1920	0.0014084507042253522
1172	0.0014084507042253522
1355	0.0014084507042253522
1334	0.0014084507042253522
0181	0.0014084507042253522
1240	0.0014084507042253522
1393	0.0014084507042253522
1203	0.0014084507042253522
1975	0.0014084507042253522
1245	0.0014084507042253522
1175	0.0014084507042253522
2105	0.0014084507042253522
1356	0.0014084507042253522
1227	0.0014084507042253522
1250	0.0014084507042253522
2135	0.0014084507042253522
1124	0.0014084507042253522
1134	0.0014084507042253522
1197	0.0014084507042253522
1207	0.0014084507042253522
1360	0.0014084507042253522
1363	0.0014084507042253522
1032	0.0014084507042253522
1142	0.0014084507042253522
1269	0.0014084507042253522
1129	0.0014084507042253522
0167	0.0014084507042253522
1476	0.0014084507042253522
1329	0.0014084507042253522
1191	0.0014084507042253522
2185	0.0014084507042253522
0174	0.0014084507042253522
1312	0.0014084507042253522
1186	0.0014084507042253522
1095	0.0014084507042253522
1201	0.0014084507042253522
1266	0.0014084507042253522
1196	0.0014084507042253522
0105	0.0014084507042253522
1350	0.0014084507042253522
1325	0.0014084507042253522
2163	0.0014084507042253522
1254	0.0014084507042253522
1330	0.0014084507042253522
0171	0.0014084507042253522
1130	0.0014084507042253522
1311	0.0014084507042253522
1260	0.0014084507042253522
1558	0.0014084507042253522
0127	0.0014084507042253522
1216	0.0014084507042253522
2191	0.0014084507042253522
2170	0.0014084507042253522
1128	0.0014084507042253522
1073	0.0014084507042253522
1089	0.0014084507042253522
1335	0.0014084507042253522
1270	0.0014084507042253522
1353	0.0014084507042253522
2100	0.0014084507042253522
0139	0.0014084507042253522
1285	0.0014084507042253522
1148	0.0014084507042253522
1210	0.0014084507042253522
1361	0.0014084507042253522
0197	0.0014084507042253522
0199	0.0014084507042253522
2117	0.0014084507042253522
1190	0.0014084507042253522
1299	0.0014084507042253522
1398	0.0014084507042253522
1351	0.0014084507042253522
1006	0.0014084507042253522
1338	0.0014084507042253522
1280	0.0014084507042253522
0189	0.0014084507042253522
1457	0.0014084507042253522
0104	0.0014084507042253522
1161	0.0014084507042253522
1364	0.0014084507042253522
1116	0.0014084507042253522
1177	0.0014084507042253522
1146	0.0014084507042253522
1365	0.0014084507042253522
1381	0.0014084507042253522
1354	0.0014084507042253522
2183	0.0014084507042253522
1322	0.0014084507042253522
1151	0.0014084507042253522
1377	0.0014084507042253522
1293	0.0014084507042253522
1346	0.0014084507042253522
1366	0.0014084507042253522
1242	0.0014084507042253522
1373	0.0014084507042253522
1375	0.0014084507042253522
1368	0.0014084507042253522
1051	0.0014084507042253522
2141	0.0014084507042253522
1246	0.0014084507042253522
2110	0.0014084507042253522
1371	0.0014084507042253522
1183	0.0014084507042253522
1324	0.0014084507042253522
1255	0.0014084507042253522
1378	0.0014084507042253522
1065	0.0014084507042253522
1347	0.0014084507042253522
1428	0.0014084507042253522
2147	0.0014084507042253522
1343	0.0014084507042253522
1259	0.0014084507042253522
3127	0.0014084507042253522
1958	0.0014084507042253522
2212	0.0014084507042253522
1904	0.0014084507042253522
1925	0.0014084507042253522
1992	0.0014084507042253522
1109	0.0014084507042253522
1905	0.0014084507042253522
1987	0.0014084507042253522
1010	0.0014084507042253522
2014	0.0014084507042253522
2612	0.0014084507042253522
4115	0.0014084507042253522
1988	0.0014084507042253522
1303	0.0014084507042253522
1022	0.0014084507042253522
1953	0.0014084507042253522
2016	0.0014084507042253522
1955	0.0014084507042253522
1908	0.0014084507042253522
1944	0.0014084507042253522
4710	7.042253521126761E-4
5152	7.042253521126761E-4
9000	7.042253521126761E-4
2049	7.042253521126761E-4
2742	7.042253521126761E-4
2310	7.042253521126761E-4
1768	7.042253521126761E-4
4145	7.042253521126761E-4
9804	7.042253521126761E-4
1575	7.042253521126761E-4
8162	7.042253521126761E-4
1978	7.042253521126761E-4
1412	7.042253521126761E-4
0725	7.042253521126761E-4
4894	7.042253521126761E-4
2472	7.042253521126761E-4
4884	7.042253521126761E-4
1407	7.042253521126761E-4
1762	7.042253521126761E-4
1952	7.042253521126761E-4
3743	7.042253521126761E-4
2227	7.042253521126761E-4
2538	7.042253521126761E-4
1724	7.042253521126761E-4
7222	7.042253521126761E-4
3123	7.042253521126761E-4
5123	7.042253521126761E-4
2977	7.042253521126761E-4
3417	7.042253521126761E-4
6132	7.042253521126761E-4
2492	7.042253521126761E-4
5486	7.042253521126761E-4
0240	7.042253521126761E-4
1506	7.042253521126761E-4
1921	7.042253521126761E-4
1938	7.042253521126761E-4
1916	7.042253521126761E-4
1914	7.042253521126761E-4
1969	7.042253521126761E-4
1962	7.042253521126761E-4
1998	7.042253521126761E-4
0303	7.042253521126761E-4
7312	7.042253521126761E-4
1138	7.042253521126761E-4
0826	7.042253521126761E-4
7010	7.042253521126761E-4
2384	7.042253521126761E-4
0531	7.042253521126761E-4
9130	7.042253521126761E-4
6203	7.042253521126761E-4
4209	7.042253521126761E-4
4200	7.042253521126761E-4
8956	7.042253521126761E-4
7462	7.042253521126761E-4
4511	7.042253521126761E-4
0109	7.042253521126761E-4
1926	7.042253521126761E-4
1090	7.042253521126761E-4
1304	7.042253521126761E-4
1320	7.042253521126761E-4
1221	7.042253521126761E-4
1348	7.042253521126761E-4
1369	7.042253521126761E-4
1139	7.042253521126761E-4
1274	7.042253521126761E-4
2173	7.042253521126761E-4
1133	7.042253521126761E-4
1226	7.042253521126761E-4
0169	7.042253521126761E-4
2139	7.042253521126761E-4
2136	7.042253521126761E-4
1157	7.042253521126761E-4
2161	7.042253521126761E-4
2137	7.042253521126761E-4
0193	7.042253521126761E-4
1339	7.042253521126761E-4
1244	7.042253521126761E-4
1194	7.042253521126761E-4
2121	7.042253521126761E-4
1085	7.042253521126761E-4
2124	7.042253521126761E-4
1465	7.042253521126761E-4
1058	7.042253521126761E-4
1416	7.042253521126761E-4
1408	7.042253521126761E-4
1120	7.042253521126761E-4
1149	7.042253521126761E-4
0101	7.042253521126761E-4
1215	7.042253521126761E-4
1026	7.042253521126761E-4
1102	7.042253521126761E-4
1359	7.042253521126761E-4
1174	7.042253521126761E-4
1318	7.042253521126761E-4
1080	7.042253521126761E-4
1491	7.042253521126761E-4
1106	7.042253521126761E-4
0173	7.042253521126761E-4
2138	7.042253521126761E-4
0178	7.042253521126761E-4
0140	7.042253521126761E-4
2156	7.042253521126761E-4
1195	7.042253521126761E-4
2111	7.042253521126761E-4
1118	7.042253521126761E-4
1473	7.042253521126761E-4
1326	7.042253521126761E-4
1252	7.042253521126761E-4
1443	7.042253521126761E-4
2178	7.042253521126761E-4
1189	7.042253521126761E-4
0179	7.042253521126761E-4
1014	7.042253521126761E-4
1439	7.042253521126761E-4
2102	7.042253521126761E-4
2108	7.042253521126761E-4
1243	7.042253521126761E-4
1230	7.042253521126761E-4
0152	7.042253521126761E-4
8944	7.042253521126761E-4
8934	7.042253521126761E-4
0116	7.042253521126761E-4
0170	7.042253521126761E-4
1394	7.042253521126761E-4
1125	7.042253521126761E-4
0182	7.042253521126761E-4
1247	7.042253521126761E-4
1297	7.042253521126761E-4
1349	7.042253521126761E-4
1077	7.042253521126761E-4
1229	7.042253521126761E-4
1143	7.042253521126761E-4
1455	7.042253521126761E-4
1413	7.042253521126761E-4
0121	7.042253521126761E-4
1456	7.042253521126761E-4
3101	7.042253521126761E-4
2072	7.042253521126761E-4
0111	7.042253521126761E-4
0168	7.042253521126761E-4
1168	7.042253521126761E-4
1091	7.042253521126761E-4
2192	7.042253521126761E-4
0147	7.042253521126761E-4
1178	7.042253521126761E-4
1117	7.042253521126761E-4
1302	7.042253521126761E-4
1379	7.042253521126761E-4
2176	7.042253521126761E-4
0186	7.042253521126761E-4
1071	7.042253521126761E-4
0107	7.042253521126761E-4
2127	7.042253521126761E-4
1438	7.042253521126761E-4
1192	7.042253521126761E-4
1115	7.042253521126761E-4
0128	7.042253521126761E-4
1498	7.042253521126761E-4
1028	7.042253521126761E-4
2179	7.042253521126761E-4
1273	7.042253521126761E-4
0131	7.042253521126761E-4
0191	7.042253521126761E-4
1154	7.042253521126761E-4
0196	7.042253521126761E-4
1061	7.042253521126761E-4
1248	7.042253521126761E-4
1446	7.042253521126761E-4
2196	7.042253521126761E-4
1278	7.042253521126761E-4
0126	7.042253521126761E-4
3113	7.042253521126761E-4
1214	7.042253521126761E-4
1453	7.042253521126761E-4
1044	7.042253521126761E-4
1160	7.042253521126761E-4
1489	7.042253521126761E-4
1064	7.042253521126761E-4
1015	7.042253521126761E-4
0149	7.042253521126761E-4
1497	7.042253521126761E-4
1341	7.042253521126761E-4
1382	7.042253521126761E-4
1035	7.042253521126761E-4
0145	7.042253521126761E-4
1471	7.042253521126761E-4
0153	7.042253521126761E-4
1352	7.042253521126761E-4
0100	7.042253521126761E-4
1031	7.042253521126761E-4
1213	7.042253521126761E-4
2104	7.042253521126761E-4
1030	7.042253521126761E-4
0172	7.042253521126761E-4
1267	7.042253521126761E-4
0129	7.042253521126761E-4
1342	7.042253521126761E-4
2194	7.042253521126761E-4
1395	7.042253521126761E-4
1059	7.042253521126761E-4
2164	7.042253521126761E-4
1056	7.042253521126761E-4
1164	7.042253521126761E-4
3301	7.042253521126761E-4
3111	7.042253521126761E-4
1011	7.042253521126761E-4
1291	7.042253521126761E-4
1396	7.042253521126761E-4
1182	7.042253521126761E-4
1345	7.042253521126761E-4
2186	7.042253521126761E-4
1135	7.042253521126761E-4
2112	7.042253521126761E-4
2109	7.042253521126761E-4
1298	7.042253521126761E-4
1276	7.042253521126761E-4
1357	7.042253521126761E-4
1385	7.042253521126761E-4
1315	7.042253521126761E-4
1460	7.042253521126761E-4
1097	7.042253521126761E-4
1261	7.042253521126761E-4
0188	7.042253521126761E-4
1421	7.042253521126761E-4
2103	7.042253521126761E-4
0123	7.042253521126761E-4
1290	7.042253521126761E-4
1184	7.042253521126761E-4
1179	7.042253521126761E-4
2107	7.042253521126761E-4
0125	7.042253521126761E-4
0154	7.042253521126761E-4
0114	7.042253521126761E-4
1220	7.042253521126761E-4
1002	7.042253521126761E-4
1389	7.042253521126761E-4
0115	7.042253521126761E-4
1012	7.042253521126761E-4
1268	7.042253521126761E-4
0183	7.042253521126761E-4
2152	7.042253521126761E-4
4311	7.042253521126761E-4
1103	7.042253521126761E-4
1405	7.042253521126761E-4
1140	7.042253521126761E-4
1013	7.042253521126761E-4
1173	7.042253521126761E-4
1132	7.042253521126761E-4
1265	7.042253521126761E-4
2132	7.042253521126761E-4
1319	7.042253521126761E-4
1435	7.042253521126761E-4
1423	7.042253521126761E-4
0194	7.042253521126761E-4
2126	7.042253521126761E-4
0185	7.042253521126761E-4
0159	7.042253521126761E-4
0141	7.042253521126761E-4
2181	7.042253521126761E-4
0118	7.042253521126761E-4
1289	7.042253521126761E-4
1472	7.042253521126761E-4
1079	7.042253521126761E-4
1046	7.042253521126761E-4
1449	7.042253521126761E-4
1162	7.042253521126761E-4
2160	7.042253521126761E-4
2145	7.042253521126761E-4
1483	7.042253521126761E-4
0157	7.042253521126761E-4
1464	7.042253521126761E-4
1358	7.042253521126761E-4
1397	7.042253521126761E-4
1200	7.042253521126761E-4
1041	7.042253521126761E-4
0190	7.042253521126761E-4
1020	7.042253521126761E-4
1040	7.042253521126761E-4
0192	7.042253521126761E-4
0102	7.042253521126761E-4
2174	7.042253521126761E-4
1295	7.042253521126761E-4
1084	7.042253521126761E-4
1094	7.042253521126761E-4
1193	7.042253521126761E-4
1434	7.042253521126761E-4
1367	7.042253521126761E-4
2130	7.042253521126761E-4
3027	7.042253521126761E-4
1515	7.042253521126761E-4
1313	7.042253521126761E-4
8529	7.042253521126761E-4
6762	7.042253521126761E-4
6999	7.042253521126761E-4
2993	7.042253521126761E-4
1974	7.042253521126761E-4
1934	7.042253521126761E-4
9011	7.042253521126761E-4
8341	7.042253521126761E-4
0222	7.042253521126761E-4
8333	7.042253521126761E-4
2777	7.042253521126761E-4
7416	7.042253521126761E-4
1410	7.042253521126761E-4
1571	7.042253521126761E-4
7120	7.042253521126761E-4
4550	7.042253521126761E-4
5678	7.042253521126761E-4
4301	7.042253521126761E-4
4297	7.042253521126761E-4
4110	7.042253521126761E-4
7124	7.042253521126761E-4
3941	7.042253521126761E-4
3343	7.042253521126761E-4
8010	7.042253521126761E-4
2620	7.042253521126761E-4
2594	7.042253521126761E-4
2563	7.042253521126761E-4
2532	7.042253521126761E-4
1713	7.042253521126761E-4
4571	7.042253521126761E-4
1711	7.042253521126761E-4
0924	7.042253521126761E-4
0588	7.042253521126761E-4
0309	7.042253521126761E-4
0057	7.042253521126761E-4
1909	7.042253521126761E-4
